desc: I1 cache:         98304 B, 64 B, 3-way associative
desc: D1 cache:         32768 B, 64 B, 8-way associative
desc: LL cache:         1048576 B, 64 B, 16-way associative
cmd: ./cmake-build-debug/bin/pre_transpose 1000 1000 1000
events: Ir I1mr ILmr Dr D1mr DLmr Dw D1mw DLmw 
fl=/build/glibc-Cl5G7W/glibc-2.23/csu/../csu/init-first.c
fn=_init
52 8 1 1 0 0 0 4 0 0
58 4 1 1 1 0 0 1 1 1
65 5 1 1 4 0 0 0 0 0
70 1 0 0 0 0 0 1 1 1
71 1 0 0 0 0 0 1 1 1
72 2 0 0 1 1 0 1 1 1
86 4 0 0 0 0 0 1 0 0
94 1 0 0 0 0 0 1 0 0
99 6 0 0 5 0 0 0 0 0
fl=/build/glibc-Cl5G7W/glibc-2.23/csu/../csu/libc-start.c
fn=(below main)
134 10 1 1 0 0 0 8 0 0
138 7 1 1 1 0 0 1 0 0
220 2 1 1 0 0 0 0 0 0
221 4 0 0 0 0 0 1 0 0
243 4 0 0 2 0 0 0 0 0
246 2 0 0 0 0 0 0 0 0
247 5 0 0 4 0 0 1 0 0
251 4 1 1 2 0 0 0 0 0
266 2 0 0 0 0 0 0 0 0
278 2 0 0 0 0 0 1 0 0
279 2 0 0 0 0 0 0 0 0
284 2 0 0 1 1 0 1 0 0
285 2 0 0 1 1 0 1 0 0
288 2 0 0 0 0 0 1 0 0
291 6 0 0 5 0 0 1 0 0
fl=/build/glibc-Cl5G7W/glibc-2.23/csu/../sysdeps/generic/dl-hash.h
fn=_init
45 12 0 0 4 0 0 0 0 0
48 12 0 0 0 0 0 0 0 0
62 16 0 0 0 0 0 0 0 0
fl=/build/glibc-Cl5G7W/glibc-2.23/csu/../sysdeps/unix/sysv/linux/x86_64/init-first.c
fn=_init
36 11 2 2 0 0 0 4 0 0
38 4 0 0 0 0 0 1 0 0
39 2 0 0 0 0 0 0 0 0
40 2 1 1 0 0 0 0 0 0
41 2 1 1 1 0 0 0 0 0
42 1 0 0 0 0 0 1 0 0
44 3 0 0 0 0 0 1 0 0
45 2 0 0 1 0 0 0 0 0
46 1 0 0 0 0 0 1 0 0
fl=/build/glibc-Cl5G7W/glibc-2.23/ctype/ctype-info.c
fn=__ctype_init
31 7 2 2 5 2 0 1 0 0
33 4 0 0 2 0 0 1 0 0
35 5 0 0 3 0 0 1 0 0
fl=/build/glibc-Cl5G7W/glibc-2.23/elf/../elf/dl-runtime.c
fn=_dl_fixup
66 24 1 1 0 0 0 8 0 0
68 8 0 0 8 0 0 0 0 0
69 16 1 1 16 8 6 0 0 0
71 32 0 0 8 5 3 0 0 0
72 8 0 0 8 4 3 0 0 0
73 56 0 0 16 8 6 8 0 0
74 24 0 0 16 4 3 0 0 0
79 16 1 1 0 0 0 0 0 0
83 16 0 0 8 7 5 0 0 0
87 24 0 0 8 4 3 0 0 0
91 8 0 0 8 5 3 0 0 0
92 40 0 0 16 8 6 0 0 0
94 32 1 1 8 5 3 0 0 0
100 8 0 0 0 0 0 0 0 0
101 24 0 0 8 4 3 0 0 0
111 80 1 1 16 5 3 24 1 1
115 40 0 0 24 0 0 0 0 0
125 48 0 0 16 0 0 0 0 0
133 8 0 0 8 0 0 0 0 0
141 32 0 0 8 0 0 0 0 0
145 24 1 1 8 3 2 0 0 0
149 24 0 0 16 0 0 0 0 0
fl=/build/glibc-Cl5G7W/glibc-2.23/elf/../elf/dl-sysdep.c
fn=_dl_sysdep_start
86 8 1 1 0 0 0 6 1 1
110 1 0 0 0 0 0 1 0 0
111 305 1 1 100 13 13 4 3 3
114 2 0 0 0 0 0 1 0 0
115 1 0 0 0 0 0 1 0 0
117 136 6 6 35 2 2 17 1 1
118 110 0 0 18 2 2 0 0 0
121 1 0 0 1 0 0 0 0 0
122 1 0 0 0 0 0 0 0 0
124 1 1 1 1 1 1 0 0 0
125 1 0 0 0 0 0 0 0 0
127 1 1 1 1 1 1 0 0 0
128 2 0 0 0 0 0 0 0 0
130 1 0 0 1 0 0 0 0 0
131 2 0 0 0 0 0 0 0 0
151 1 1 1 1 1 1 0 0 0
152 2 0 0 0 0 0 0 0 0
154 1 0 0 1 1 1 0 0 0
155 2 0 0 0 0 0 0 0 0
157 2 1 1 1 0 0 1 0 0
158 2 0 0 0 0 0 0 0 0
163 2 0 0 1 0 0 1 0 0
164 2 0 0 0 0 0 1 0 0
179 2 0 0 1 0 0 1 0 0
180 2 0 0 0 0 0 1 0 0
231 2 0 0 0 0 0 0 0 0
232 2 0 0 0 0 0 2 0 0
234 5 1 1 0 0 0 1 0 0
246 3 0 0 1 0 0 0 0 0
249 5 0 0 1 0 0 1 0 0
250 1 0 0 1 1 0 0 0 0
251 8 0 0 7 1 0 0 0 0
fn=_dl_sysdep_start_cleanup
256 1 0 0 1 0 0 0 0 0
fl=/build/glibc-Cl5G7W/glibc-2.23/elf/../misc/sbrk.c
fn=sbrk
34 4 1 1 0 0 0 2 0 0
42 6 0 0 2 1 1 0 0 0
46 2 0 0 0 0 0 0 0 0
62 5 1 1 3 0 0 0 0 0
fl=/build/glibc-Cl5G7W/glibc-2.23/elf/../string/bits/string2.h
fn=handle_ld_preload
961 213 1 1 53 0 0 0 0 0
962 163 0 0 0 0 0 0 0 0
963 105 0 0 0 0 0 0 0 0
fl=/build/glibc-Cl5G7W/glibc-2.23/elf/../sysdeps/posix/dl-fileid.h
fn=_dl_map_object_from_fd
37 12 1 1 0 0 0 2 0 0
40 2 0 0 2 0 0 0 0 0
41 4 0 0 2 1 1 2 0 0
49 12 1 1 6 1 1 0 0 0
fl=/build/glibc-Cl5G7W/glibc-2.23/elf/../sysdeps/unix/sysv/linux/dl-osinfo.h
fn=dl_main
77 1 0 0 1 0 0 0 0 0
fl=/build/glibc-Cl5G7W/glibc-2.23/elf/../sysdeps/unix/sysv/linux/dl-sysdep.c
fn=_dl_discover_osversion
45 7 2 2 0 0 0 6 0 0
47 3 0 0 1 0 0 0 0 0
87 5 1 1 0 0 0 1 1 1
102 1 0 0 0 0 0 0 0 0
106 1 0 0 0 0 0 0 0 0
107 1 0 0 0 0 0 0 0 0
109 12 0 0 3 1 1 0 0 0
111 6 1 1 0 0 0 0 0 0
113 17 0 0 4 0 0 0 0 0
115 1 0 0 0 0 0 0 0 0
116 2 0 0 0 0 0 0 0 0
119 3 0 0 0 0 0 0 0 0
120 3 0 0 0 0 0 0 0 0
121 3 0 0 0 0 0 0 0 0
123 13 0 0 0 0 0 0 0 0
128 2 1 1 0 0 0 0 0 0
132 8 1 1 7 0 0 0 0 0
fn=_dl_sysdep_start
35 2 0 0 0 0 0 1 0 0
fl=/build/glibc-Cl5G7W/glibc-2.23/elf/../sysdeps/unix/sysv/linux/dl-vdso.c
fn=_dl_vdso_vsym
27 10 1 1 10 3 2 0 0 0
28 10 1 1 5 0 0 0 0 0
31 10 0 0 0 0 0 0 0 0
fl=/build/glibc-Cl5G7W/glibc-2.23/elf/../sysdeps/unix/sysv/linux/x86_64/brk.c
fn=brk
31 7 2 2 0 0 0 1 1 1
33 2 0 0 0 0 0 0 0 0
39 1 0 0 0 0 0 0 0 0
40 1 0 0 1 0 0 0 0 0
fl=/build/glibc-Cl5G7W/glibc-2.23/elf/../sysdeps/x86/cpu-features.c
fn=_dl_sysdep_start
29 5 1 1 0 0 0 3 0 0
32 1 0 0 0 0 0 1 0 0
33 3 0 0 0 0 0 0 0 0
34 3 0 0 0 0 0 0 0 0
35 3 0 0 0 0 0 0 0 0
36 2 1 1 0 0 0 0 0 0
41 2 0 0 0 0 0 0 0 0
61 3 1 1 0 0 0 1 0 0
64 10 0 0 0 0 0 0 0 0
68 3 1 1 0 0 0 0 0 0
73 3 0 0 0 0 0 0 0 0
76 1 0 0 0 0 0 0 0 0
77 8 1 1 1 1 1 0 0 0
112 2 1 1 1 0 0 0 0 0
134 2 1 1 1 1 1 0 0 0
175 3 1 1 1 0 0 0 0 0
176 1 0 0 1 0 0 0 0 0
179 2 0 0 0 0 0 0 0 0
180 1 1 1 1 0 0 0 0 0
182 2 0 0 1 0 0 0 0 0
183 7 0 0 0 0 0 4 0 0
190 3 0 0 1 0 0 0 0 0
194 2 0 0 0 0 0 0 0 0
196 4 1 1 0 0 0 0 0 0
200 2 1 1 0 0 0 0 0 0
201 1 0 0 1 0 0 0 0 0
207 3 0 0 1 0 0 0 0 0
209 1 1 1 1 0 0 0 0 0
212 3 0 0 0 0 0 0 0 0
228 2 0 0 0 0 0 0 0 0
229 1 0 0 1 0 0 0 0 0
231 2 0 0 1 0 0 0 0 0
247 4 1 1 0 0 0 0 0 0
248 4 1 1 0 0 0 0 0 0
251 2 1 1 0 0 0 1 0 0
252 2 0 0 1 0 0 0 0 0
258 1 0 0 0 0 0 1 0 0
259 1 0 0 0 0 0 1 0 0
260 1 0 0 0 0 0 1 0 0
fl=/build/glibc-Cl5G7W/glibc-2.23/elf/../sysdeps/x86_64/dl-irel.h
fn=_dl_fixup
32 2 1 1 0 0 0 1 0 0
fl=/build/glibc-Cl5G7W/glibc-2.23/elf/../sysdeps/x86_64/dl-machine.h
fn=_dl_fixup
235 8 0 0 0 0 0 8 0 0
fn=_dl_relocate_object
76 24 0 0 4 0 0 0 0 0
82 6 0 0 6 1 0 0 0 0
86 9 0 0 3 3 2 0 0 0
92 3 1 1 0 0 0 3 0 0
100 9 0 0 3 0 0 0 0 0
102 3 0 0 3 0 0 0 0 0
120 6 0 0 0 0 0 0 0 0
123 15 1 1 0 0 0 3 0 0
129 15 0 0 4 3 1 0 0 0
269 196 0 0 0 0 0 0 0 0
290 196 0 0 0 0 0 0 0 0
294 196 0 0 0 0 0 0 0 0
301 4217 15 15 992 82 72 742 2 0
303 434 0 0 182 1 0 0 0 0
306 364 1 1 91 0 0 0 0 0
312 588 0 0 98 3 3 0 0 0
407 42 1 1 14 0 0 0 0 0
411 70 0 0 14 1 0 0 0 0
425 70 0 0 28 1 1 14 7 7
435 252 1 1 84 11 11 84 10 6
447 9 0 0 0 0 0 3 0 0
512 3576 0 0 1192 299 299 0 0 0
517 2384 0 0 0 0 0 0 0 0
518 3576 0 0 1192 149 149 1192 224 222
528 44 0 0 26 0 0 0 0 0
532 36 0 0 0 0 0 0 0 0
534 54 0 0 18 0 0 0 0 0
535 18 0 0 18 3 2 0 0 0
554 24 0 0 16 0 0 8 0 0
555 8 0 0 0 0 0 8 0 0
fn=_dl_start
59 3 0 0 1 1 1 0 0 0
266 6 0 0 0 0 0 0 0 0
294 12 0 0 0 0 0 0 0 0
303 24 0 0 12 2 2 0 0 0
306 24 0 0 6 4 4 0 0 0
312 37 0 0 6 1 1 0 0 0
425 12 1 1 6 0 0 6 1 1
517 20 0 0 10 1 1 0 0 0
518 30 1 1 10 2 2 10 2 2
fn=_dl_sysdep_start
223 5 0 0 2 1 1 0 0 0
fl=/build/glibc-Cl5G7W/glibc-2.23/elf/../sysdeps/x86_64/dl-trampoline.h
fn=_dl_runtime_resolve_avx
64 8 1 1 0 0 0 8 0 0
67 8 0 0 0 0 0 0 0 0
69 8 0 0 0 0 0 0 0 0
71 8 0 0 0 0 0 0 0 0
74 8 1 1 0 0 0 8 2 2
75 8 0 0 0 0 0 8 0 0
76 8 0 0 0 0 0 8 0 0
77 8 0 0 0 0 0 8 0 0
78 8 0 0 0 0 0 8 0 0
79 8 0 0 0 0 0 8 0 0
80 8 0 0 0 0 0 8 0 0
81 8 0 0 0 0 0 8 3 3
82 8 1 1 0 0 0 8 2 1
83 8 0 0 0 0 0 8 2 2
84 8 0 0 0 0 0 8 1 1
85 8 0 0 0 0 0 8 3 2
86 8 0 0 0 0 0 8 1 1
87 8 0 0 0 0 0 8 2 2
88 8 0 0 0 0 0 8 1 1
93 8 0 0 0 0 0 0 0 0
94 8 1 1 0 0 0 0 0 0
95 8 0 0 0 0 0 0 0 0
96 8 0 0 0 0 0 0 0 0
110 8 0 0 8 0 0 0 0 0
111 8 0 0 8 0 0 0 0 0
112 8 0 0 0 0 0 8 3 2
113 8 0 0 0 0 0 0 0 0
118 8 0 0 0 0 0 0 0 0
119 8 0 0 0 0 0 0 0 0
120 8 1 1 0 0 0 0 0 0
121 8 0 0 0 0 0 0 0 0
134 8 0 0 8 0 0 0 0 0
135 8 0 0 8 0 0 0 0 0
136 8 0 0 8 0 0 0 0 0
137 8 0 0 8 0 0 0 0 0
138 8 0 0 8 0 0 0 0 0
139 8 0 0 8 0 0 0 0 0
140 8 1 1 8 0 0 0 0 0
141 8 0 0 8 0 0 0 0 0
142 8 0 0 8 0 0 0 0 0
143 8 0 0 8 0 0 0 0 0
144 8 0 0 8 0 0 0 0 0
145 8 0 0 8 0 0 0 0 0
146 8 0 0 8 0 0 0 0 0
147 8 0 0 8 0 0 0 0 0
148 8 0 0 8 0 0 0 0 0
150 8 0 0 0 0 0 0 0 0
152 8 1 1 8 0 0 0 0 0
156 8 0 0 0 0 0 0 0 0
159 8 0 0 0 0 0 0 0 0
fl=/build/glibc-Cl5G7W/glibc-2.23/elf/./dl-load.h
fn=_dl_map_object_from_fd
90 8 0 0 0 0 0 0 0 0
91 6 0 0 4 0 0 2 0 0
93 8 1 1 4 0 0 0 0 0
94 5 1 1 3 0 0 0 0 0
95 11 1 1 3 0 0 0 0 0
98 4 0 0 0 0 0 1 0 0
fl=/build/glibc-Cl5G7W/glibc-2.23/elf/./dl-map-segments.h
fn=_dl_map_object_from_fd
56 22 2 2 8 0 0 6 0 0
60 6 0 0 2 0 0 0 0 0
63 6 1 1 2 0 0 2 0 0
64 4 0 0 0 0 0 2 0 0
66 4 0 0 2 0 0 0 0 0
72 14 0 0 4 0 0 2 0 0
73 8 2 2 4 0 0 0 0 0
76 4 0 0 4 0 0 0 0 0
86 20 0 0 4 0 0 0 0 0
88 8 0 0 4 0 0 0 0 0
90 28 1 1 10 0 0 4 0 0
100 16 0 0 8 0 0 0 0 0
106 4 0 0 2 0 0 0 0 0
107 2 0 0 0 0 0 0 0 0
108 10 0 0 2 0 0 0 0 0
109 4 0 0 0 0 0 0 0 0
116 4 0 0 0 0 0 0 0 0
119 4 2 2 0 0 0 0 0 0
127 24 1 1 6 0 0 8 0 0
133 4 0 0 0 0 0 0 0 0
137 9 1 1 0 0 0 2 0 0
140 3 1 1 1 0 0 0 0 0
145 4 1 1 0 0 0 0 0 0
fl=/build/glibc-Cl5G7W/glibc-2.23/elf/dl-addr.c
fn=_dl_addr
30 2 0 0 1 0 0 1 0 0
31 2 0 0 1 0 0 1 0 0
34 2 0 0 1 0 0 0 0 0
38 1 1 1 1 0 0 0 0 0
39 1 0 0 1 0 0 0 0 0
40 3 0 0 2 0 0 1 0 0
42 2 0 0 2 0 0 0 0 0
45 2 0 0 1 1 0 0 0 0
50 2030 0 0 2 0 0 0 0 0
52 1011 1 1 1011 59 20 0 0 0
53 2022 0 0 0 0 0 0 0 0
55 3628 0 0 907 0 0 0 0 0
61 11175 1 1 2235 481 439 0 0 0
63 8940 0 0 2235 0 0 0 0 0
64 16328 0 0 5110 354 325 0 0 0
69 2235 0 0 0 0 0 0 0 0
71 9044 1 1 2235 133 83 0 0 0
99 3 1 1 1 1 0 0 0 0
100 1 0 0 0 0 0 1 1 0
101 3 0 0 1 1 0 0 0 0
104 2 0 0 0 0 0 0 0 0
116 1 1 1 0 0 0 1 0 0
117 1 0 0 0 0 0 1 0 0
126 11 1 1 0 0 0 8 0 0
131 3 1 1 2 0 0 1 0 0
133 2 0 0 0 0 0 1 0 0
135 2 0 0 0 0 0 0 0 0
138 2 0 0 0 0 0 0 0 0
141 2 1 1 1 1 0 1 0 0
144 9 0 0 7 0 0 0 0 0
fl=/build/glibc-Cl5G7W/glibc-2.23/elf/dl-altinit.c
fn=dlinit_alt
33 3 1 1 2 0 0 0 0 0
34 1 0 0 1 0 0 0 0 0
fl=/build/glibc-Cl5G7W/glibc-2.23/elf/dl-cache.c
fn=_dl_cache_libcmp
138 27 1 1 18 8 8 0 0 0
139 114 0 0 0 0 0 0 0 0
141 162 0 0 0 0 0 0 0 0
143 60 0 0 0 0 0 0 0 0
149 6 1 1 0 0 0 0 0 0
150 6 0 0 0 0 0 0 0 0
151 15 0 0 3 0 0 0 0 0
153 15 1 1 3 0 0 0 0 0
155 6 0 0 0 0 0 0 0 0
161 102 1 1 0 0 0 0 0 0
163 192 0 0 90 0 0 0 0 0
164 12 0 0 6 0 0 0 0 0
167 45 0 0 0 0 0 0 0 0
168 45 0 0 0 0 0 0 0 0
171 9 0 0 3 0 0 0 0 0
fn=_dl_load_cache_lookup
185 9 1 1 0 0 0 6 0 0
193 2 0 0 1 0 0 0 0 0
196 3 0 0 1 0 0 0 0 0
199 5 2 2 0 0 0 1 1 1
207 5 0 0 1 0 0 0 0 0
208 6 1 1 0 0 0 1 0 0
212 1 0 0 0 0 0 1 0 0
215 4 0 0 1 0 0 0 0 0
218 2 0 0 0 0 0 1 0 0
219 3 0 0 0 0 0 0 0 0
220 6 1 1 0 0 0 1 0 0
247 2 1 1 0 0 0 0 0 0
256 5 0 0 0 0 0 2 0 0
262 4 0 0 0 0 0 2 0 0
266 4 1 1 2 0 0 2 0 0
281 217 8 8 41 7 7 21 0 0
297 2 0 0 1 0 0 0 0 0
301 2 0 0 1 0 0 0 0 0
309 9 1 1 1 0 0 1 0 0
310 3 0 0 0 0 0 1 0 0
311 2 0 0 0 0 0 1 0 0
312 8 0 0 7 0 0 0 0 0
fn=_dl_unload_cache
321 1 0 0 0 0 0 0 0 0
322 4 1 1 1 1 0 0 0 0
324 2 0 0 1 0 0 1 0 0
325 1 0 0 0 0 0 1 0 0
327 2 0 0 1 0 0 0 0 0
fl=/build/glibc-Cl5G7W/glibc-2.23/elf/dl-debug.c
fn=_dl_debug_initialize
50 8 1 1 0 0 0 0 0 0
51 4 1 1 4 0 0 0 0 0
55 14 0 0 4 0 0 0 0 0
58 1 0 0 0 0 0 1 0 0
59 6 0 0 3 0 0 1 0 0
60 5 1 1 1 0 0 1 0 0
61 2 0 0 0 0 0 1 0 0
64 1 0 0 1 0 0 0 0 0
fn=_dl_debug_state
74 2 0 0 2 0 0 0 0 0
fl=/build/glibc-Cl5G7W/glibc-2.23/elf/dl-deps.c
fn=_dl_map_object_deps
144 4 0 0 0 0 0 2 0 0
145 2 1 1 0 0 0 2 0 0
146 7 0 0 0 0 0 2 0 0
152 9 0 0 2 0 0 3 0 0
160 11 0 0 0 0 0 9 0 0
161 9 2 2 0 0 0 0 0 0
178 14 1 1 1 0 0 1 0 0
179 2 0 0 1 0 0 0 0 0
182 3 1 1 0 0 0 2 0 0
188 2 0 0 0 0 0 2 0 0
189 1 0 0 0 0 0 1 0 0
201 2 0 0 1 0 0 1 0 0
202 2 1 1 0 0 0 1 0 0
203 1 0 0 0 0 0 1 0 0
204 2 0 0 0 0 0 2 0 0
209 6 2 2 0 0 0 5 0 0
210 4 0 0 0 0 0 0 0 0
213 4 0 0 0 0 0 4 0 0
217 8 0 0 4 0 0 0 0 0
218 25 2 2 11 1 1 0 0 0
220 2 0 0 0 0 0 0 0 0
222 8 0 0 4 0 0 2 0 0
224 30 1 1 2 0 0 6 0 0
229 16 0 0 8 1 1 0 0 0
231 6 0 0 4 0 0 2 0 0
236 2 0 0 0 0 0 2 0 0
237 2 0 0 0 0 0 2 0 0
238 4 0 0 2 0 0 2 0 0
239 4 1 1 2 0 0 2 0 0
242 208 0 0 54 0 0 0 0 0
243 96 1 1 0 0 0 0 0 0
249 14 0 0 4 0 0 2 0 0
251 2 0 0 0 0 0 2 0 0
254 12 1 1 8 0 0 2 0 0
256 6 0 0 2 0 0 0 0 0
271 2 0 0 2 0 0 0 0 0
273 4 0 0 2 0 0 0 0 0
278 6 1 1 0 0 0 0 0 0
281 2 0 0 0 0 0 2 0 0
282 2 0 0 0 0 0 2 0 0
283 2 0 0 0 0 0 2 0 0
284 4 0 0 2 0 0 2 0 0
286 2 0 0 2 0 0 0 0 0
288 12 1 1 2 0 0 4 0 0
292 6 0 0 2 0 0 0 0 0
293 3 0 0 0 0 0 1 0 0
295 138 0 0 0 0 0 0 0 0
317 9 1 1 0 0 0 4 0 0
338 6 1 1 0 0 0 3 0 0
459 12 1 1 4 0 0 0 0 0
461 6 0 0 0 0 0 2 0 0
463 8 1 1 0 0 0 2 0 0
465 4 0 0 0 0 0 0 0 0
468 2 0 0 0 0 0 2 0 0
469 10 0 0 2 0 0 2 0 0
470 10 0 0 0 0 0 2 0 0
473 2 0 0 0 0 0 2 0 0
474 2 0 0 2 0 0 0 0 0
478 22 1 1 11 0 0 0 0 0
480 4 1 1 4 0 0 0 0 0
481 18 0 0 4 0 0 0 0 0
485 6 1 1 2 0 0 0 0 0
486 1 0 0 0 0 0 1 0 0
489 5 1 1 2 0 0 1 0 0
499 5 0 0 1 0 0 1 0 0
502 2 1 1 0 0 0 0 0 0
507 9 0 0 3 0 0 1 0 0
508 6 0 0 4 0 0 1 0 0
510 12 0 0 4 0 0 0 0 0
516 12 1 1 0 0 0 4 1 1
520 12 0 0 12 0 0 0 0 0
523 3 0 0 1 0 0 1 0 0
574 3 1 1 2 0 0 0 0 0
575 1 0 0 0 0 0 1 0 0
576 3 0 0 1 0 0 0 0 0
611 8 1 1 1 0 0 2 0 0
613 2 0 0 0 0 0 0 0 0
614 1 0 0 0 0 0 1 0 0
617 11 1 1 0 0 0 1 0 0
618 5 1 1 0 0 0 0 0 0
619 5 0 0 1 0 0 1 0 0
623 12 1 1 3 0 0 6 0 0
624 6 0 0 3 0 0 0 0 0
630 17 1 1 3 0 0 0 0 0
632 12 0 0 6 0 0 0 0 0
633 7 0 0 0 0 0 0 0 0
635 9 0 0 3 0 0 0 0 0
636 6 1 1 0 0 0 0 0 0
655 2 1 1 1 0 0 0 0 0
658 3 1 1 0 0 0 0 0 0
661 10 0 0 3 0 0 0 0 0
664 28 1 1 6 0 0 6 0 0
671 2 1 1 1 0 0 1 0 0
673 2 0 0 1 0 0 1 0 0
674 1 0 0 1 0 0 0 0 0
675 3 0 0 1 0 0 0 0 0
682 3 1 1 1 0 0 0 0 0
685 3 0 0 1 0 0 0 0 0
688 8 0 0 7 0 0 0 0 0
fn=openaux
60 4 1 1 0 0 0 2 0 0
63 24 1 1 10 0 0 4 0 0
67 2 0 0 2 0 0 0 0 0
68 4 0 0 4 0 0 0 0 0
fl=/build/glibc-Cl5G7W/glibc-2.23/elf/dl-environ.c
fn=_dl_next_ld_env_entry
30 3 1 1 3 0 0 0 0 0
31 1 1 1 0 0 0 0 0 0
33 298 0 0 99 0 0 0 0 0
35 196 0 0 98 57 57 0 0 0
36 34 0 0 17 1 1 0 0 0
38 2 0 0 0 0 0 0 0 0
41 4 0 0 0 0 0 2 0 0
43 2 0 0 2 0 0 0 0 0
46 96 0 0 0 0 0 0 0 0
50 1 0 0 1 0 0 0 0 0
fl=/build/glibc-Cl5G7W/glibc-2.23/elf/dl-error.c
fn=_dl_catch_error
163 12 1 1 0 0 0 9 0 0
175 6 1 1 0 0 0 6 2 2
176 6 0 0 0 0 0 6 0 0
177 6 0 0 0 0 0 6 0 0
178 6 0 0 0 0 0 3 0 0
180 3 0 0 3 0 0 3 1 1
181 6 0 0 3 0 0 3 0 0
182 9 1 1 0 0 0 6 0 0
185 18 0 0 0 0 0 3 0 0
187 9 0 0 6 0 0 3 0 0
188 9 0 0 6 0 0 3 0 0
189 6 1 1 3 0 0 3 0 0
190 6 0 0 3 0 0 3 0 0
191 6 0 0 3 0 0 3 0 0
199 12 0 0 6 0 0 0 0 0
fn=_dl_receive_error
205 10 1 1 0 0 0 6 0 0
206 2 0 0 1 0 0 1 0 0
210 1 0 0 1 0 0 0 0 0
211 1 0 0 1 0 0 0 0 0
214 1 0 0 0 0 0 1 0 0
215 1 0 0 0 0 0 1 0 0
217 2 0 0 0 0 0 1 0 0
219 1 1 1 0 0 0 1 0 0
220 1 0 0 0 0 0 1 0 0
221 8 0 0 7 0 0 0 0 0
fl=/build/glibc-Cl5G7W/glibc-2.23/elf/dl-hwcaps.c
fn=_dl_important_hwcaps
39 12 1 1 0 0 0 10 2 2
41 1 0 0 1 0 0 0 0 0
42 3 0 0 0 0 0 0 0 0
51 3 0 0 1 0 0 0 0 0
61 4 1 1 1 0 0 1 0 0
113 1 1 1 0 0 0 0 0 0
115 5 1 1 0 0 0 1 0 0
130 10 1 1 0 0 0 1 0 0
131 1 0 0 0 0 0 0 0 0
162 2 1 1 0 0 0 0 0 0
170 3 1 1 1 0 0 0 0 0
172 2 0 0 1 0 0 1 0 0
173 5 0 0 1 0 0 1 0 0
177 3 1 1 1 0 0 1 0 0
178 1 0 0 0 0 0 1 0 0
181 2 0 0 0 0 0 0 0 0
184 2 0 0 0 0 0 0 0 0
185 1 0 0 1 0 0 0 0 0
188 12 1 1 2 0 0 2 0 0
189 2 0 0 0 0 0 0 0 0
207 11 1 1 2 0 0 5 0 0
208 6 0 0 0 0 0 3 0 0
209 6 1 1 4 0 0 0 0 0
238 3 0 0 0 0 0 2 1 1
241 2 0 0 0 0 0 0 0 0
243 10 0 0 3 0 0 4 0 0
244 20 1 1 5 0 0 5 0 0
264 7 2 2 2 0 0 0 0 0
269 10 0 0 2 0 0 0 0 0
270 8 0 0 0 0 0 4 0 0
274 11 1 1 0 0 0 0 0 0
277 26 0 0 0 0 0 0 0 0
278 24 0 0 0 0 0 0 0 0
279 12 0 0 8 0 0 0 0 0
281 4 1 1 0 0 0 0 0 0
284 3 0 0 1 0 0 0 0 0
285 2 0 0 1 0 0 0 0 0
286 12 2 2 3 0 0 0 0 0
299 6 0 0 2 0 0 2 0 0
300 2 0 0 0 0 0 0 0 0
302 4 0 0 0 0 0 0 0 0
305 4 0 0 3 0 0 1 0 0
307 1 0 0 0 0 0 0 0 0
308 10 1 1 7 0 0 1 0 0
fl=/build/glibc-Cl5G7W/glibc-2.23/elf/dl-init.c
fn=_dl_init
30 25 1 1 5 0 0 3 0 0
80 11 1 1 0 0 0 6 0 0
81 1 0 0 1 1 0 0 0 0
82 1 0 0 1 0 0 0 0 0
85 3 0 0 1 0 0 0 0 0
88 2 0 0 0 0 0 1 0 0
93 2 0 0 0 0 0 0 0 0
94 2 1 1 1 0 0 0 0 0
104 2 1 1 0 0 0 1 0 0
119 15 0 0 0 0 0 0 0 0
120 12 0 0 8 0 0 0 0 0
126 8 0 0 7 0 0 0 0 0
fn=call_init.part.0
28 20 0 0 0 0 0 20 0 0
36 12 0 0 4 0 0 4 0 0
39 16 1 1 8 1 0 0 0 0
40 3 1 1 0 0 0 0 0 0
44 21 0 0 3 1 0 0 0 0
45 3 0 0 1 0 0 0 0 0
49 4 0 0 2 0 0 0 0 0
58 14 1 1 6 3 0 2 0 0
62 4 0 0 0 0 0 0 0 0
68 6 0 0 4 1 0 0 0 0
70 4 0 0 4 0 0 0 0 0
71 16 1 1 0 0 0 0 0 0
72 15 0 0 3 0 0 3 0 0
74 24 0 0 24 0 0 0 0 0
fl=/build/glibc-Cl5G7W/glibc-2.23/elf/dl-load.c
fn=_dl_init_paths
689 9 2 2 0 0 0 7 0 0
702 6 0 0 2 0 0 2 0 0
706 1 0 0 0 0 0 1 0 0
707 2 0 0 0 0 0 1 0 0
708 3 0 0 0 0 0 0 0 0
715 4 0 0 0 0 0 0 0 0
716 4 1 1 1 0 0 2 0 0
719 5 0 0 0 0 0 2 0 0
721 2 0 0 0 0 0 0 0 0
727 2 1 1 0 0 0 1 0 0
728 1 0 0 0 0 0 1 0 0
736 3 0 0 0 0 0 3 0 0
738 9 1 1 0 0 0 4 0 0
739 4 0 0 0 0 0 4 3 3
741 8 0 0 0 0 0 4 1 1
742 10 0 0 3 1 1 4 0 0
743 12 0 0 0 0 0 3 0 0
746 6 1 1 3 1 1 0 0 0
747 25 0 0 8 0 0 4 0 0
750 35 1 1 4 0 0 6 0 0
756 1 1 1 0 0 0 1 1 1
757 1 0 0 0 0 0 1 0 0
761 1 0 0 1 0 0 0 0 0
762 2 0 0 0 0 0 0 0 0
764 4 0 0 1 0 0 0 0 0
766 3 0 0 1 0 0 0 0 0
783 1 0 0 0 0 0 1 0 0
785 3 1 1 1 0 0 0 0 0
799 2 1 1 0 0 0 1 0 0
804 5 2 2 2 0 0 0 0 0
810 5 0 0 0 0 0 1 0 0
812 12 1 1 1 0 0 2 1 1
829 8809 1 1 979 0 0 0 0 0
833 1 0 0 0 0 0 1 0 0
834 1 0 0 0 0 0 1 0 0
835 2 0 0 0 0 0 0 0 0
841 9 1 1 1 0 0 2 0 0
845 5 0 0 4 0 0 0 0 0
851 1 0 0 0 0 0 1 0 0
855 8 0 0 7 0 0 0 0 0
fn=_dl_map_object
383 5 0 0 0 0 0 1 0 0
387 2 0 0 0 0 0 1 0 0
666 9 1 1 3 0 0 0 0 0
2189 27 1 1 0 0 0 24 5 5
2191 2 0 0 0 0 0 2 0 0
2197 6 1 1 0 0 0 0 0 0
2198 12 0 0 3 0 0 0 0 0
2201 42 0 0 9 0 0 0 0 0
2206 49 1 1 7 0 0 0 0 0
2208 35 0 0 0 0 0 7 0 0
2212 12 0 0 6 0 0 0 0 0
2213 18 1 1 6 0 0 0 0 0
2216 2 0 0 2 0 0 0 0 0
2218 12 0 0 4 0 0 2 0 0
2235 10 2 2 4 0 0 2 0 0
2244 6 1 1 2 0 0 0 0 0
2278 2 0 0 0 0 0 2 2 2
2280 10 0 0 0 0 0 2 0 0
2284 4 1 1 0 0 0 2 0 0
2286 2 1 1 1 0 0 0 0 0
2293 4 0 0 1 0 0 0 0 0
2297 2 1 1 1 0 0 1 0 0
2302 6 1 1 1 0 0 1 0 0
2303 1 0 0 0 0 0 0 0 0
2305 9 0 0 0 0 0 3 0 0
2317 3 1 1 2 0 0 0 0 0
2318 8 1 1 2 0 0 1 0 0
2319 1 0 0 0 0 0 0 0 0
2328 2 0 0 1 0 0 0 0 0
2329 15 1 1 1 0 0 4 0 0
2335 5 1 1 1 0 0 0 0 0
2336 1 0 0 0 0 0 0 0 0
2344 1 0 0 0 0 0 1 0 0
2358 2 1 1 0 0 0 0 0 0
2360 3 0 0 1 0 0 0 0 0
2364 3 0 0 0 0 0 2 0 0
2366 2 0 0 0 0 0 0 0 0
2370 2 0 0 0 0 0 0 0 0
2378 3 1 1 1 0 0 0 0 0
2401 11 0 0 1 0 0 2 0 0
2405 4 0 0 2 0 0 0 0 0
2406 2 1 1 0 0 0 1 0 0
2423 2 1 1 1 0 0 0 0 0
2429 1 0 0 0 0 0 1 0 0
2431 2 1 1 0 0 0 0 0 0
2432 3 0 0 0 0 0 0 0 0
2436 10 1 1 0 0 0 2 0 0
2439 4 0 0 2 0 0 0 0 0
2451 6 1 1 0 0 0 0 0 0
2453 4 0 0 0 0 0 0 0 0
2497 4 0 0 2 0 0 2 0 0
2498 30 1 1 6 0 0 10 0 0
2500 24 0 0 21 0 0 0 0 0
fn=_dl_map_object_from_fd
893 30 2 2 0 0 0 22 2 2
903 8 0 0 2 0 0 4 1 1
904 2 0 0 0 0 0 2 0 0
919 31 1 1 11 0 0 0 0 0
920 10 0 0 5 0 0 0 0 0
937 4 1 1 2 0 0 0 0 0
961 4 0 0 2 0 0 0 0 0
971 4 1 1 2 0 0 0 0 0
993 8 0 0 4 0 0 0 0 0
1025 4 0 0 0 0 0 0 0 0
1028 16 1 1 10 0 0 2 0 0
1029 4 0 0 0 0 0 0 0 0
1040 6 0 0 4 0 0 2 1 1
1041 8 0 0 4 0 0 4 0 0
1042 4 0 0 2 0 0 2 0 0
1044 8 1 1 0 0 0 0 0 0
1045 8 0 0 4 0 0 0 0 0
1046 2 0 0 0 0 0 0 0 0
1063 2 0 0 0 0 0 2 0 0
1065 20 1 1 0 0 0 4 0 0
1073 142 0 0 0 0 0 0 0 0
1074 127 2 2 17 0 0 0 0 0
1080 4 0 0 2 0 0 2 0 0
1081 6 0 0 2 0 0 2 0 0
1082 2 0 0 0 0 0 0 0 0
1085 2 0 0 1 0 0 1 0 0
1086 1 1 1 0 0 0 0 0 0
1091 20 2 2 8 0 0 0 0 0
1096 32 0 0 8 0 0 0 0 0
1104 16 0 0 0 0 0 0 0 0
1105 16 0 0 0 0 0 4 3 3
1106 20 1 1 4 0 0 4 0 0
1107 4 0 0 0 0 0 4 0 0
1108 8 0 0 4 0 0 4 0 0
1109 8 0 0 0 0 0 4 1 1
1113 8 0 0 0 0 0 0 0 0
1114 12 0 0 6 0 0 2 0 0
1118 36 1 1 4 0 0 4 0 0
1129 4 0 0 0 0 0 0 0 0
1132 3 0 0 1 0 0 0 0 0
1136 1 0 0 0 0 0 1 1 1
1137 3 0 0 2 0 0 1 1 1
1138 2 0 0 0 0 0 0 0 0
1141 3 1 1 0 0 0 1 0 0
1142 2 0 0 1 0 0 1 0 0
1145 1 0 0 0 0 0 1 0 0
1149 4 0 0 1 0 0 0 0 0
1155 3 0 0 1 0 0 2 0 0
1156 1 0 0 0 0 0 0 0 0
1160 16 1 1 2 0 0 6 0 0
1168 4 0 0 0 0 0 2 0 0
1211 4 1 1 2 0 0 2 0 0
1212 2 0 0 0 0 0 0 0 0
1215 4 0 0 2 0 0 2 0 0
1216 6 0 0 4 0 0 2 0 0
1217 2 0 0 0 0 0 0 0 0
1220 6 1 1 2 0 0 0 0 0
1229 4 0 0 0 0 0 0 0 0
1239 18 0 0 8 0 0 2 0 0
1251 8 1 1 4 0 0 0 0 0
1255 2 2 2 1 0 0 0 0 0
1260 6 1 1 2 0 0 2 0 0
1267 4 0 0 0 0 0 0 0 0
1282 6 1 1 2 0 0 0 0 0
1301 4 0 0 2 0 0 2 0 0
1303 10 1 1 4 0 0 0 0 0
1357 6 0 0 2 1 1 0 0 0
1358 2 0 0 1 0 0 1 0 0
1361 8 0 0 2 0 0 2 0 0
1370 4 0 0 2 0 0 0 0 0
1372 8 1 1 4 0 0 2 0 0
1374 4 0 0 2 0 0 0 0 0
1390 4 0 0 0 0 0 2 0 0
1394 4 0 0 2 0 0 0 0 0
1395 4 0 0 2 0 0 0 0 0
1412 4 1 1 2 0 0 0 0 0
1413 2 0 0 0 0 0 1 0 0
1416 6 1 1 2 0 0 4 0 0
1421 4 0 0 2 0 0 0 0 0
1431 4 0 0 2 0 0 0 0 0
1441 6 0 0 2 0 0 2 0 0
1445 8 0 0 2 0 0 0 0 0
1465 16 0 0 14 0 0 0 0 0
fn=fillin_rpath
383 65 2 2 0 0 0 13 0 0
387 39 0 0 0 0 0 13 0 0
444 16 2 2 0 0 0 12 1 1
446 1 0 0 0 0 0 0 0 0
448 84 1 1 28 0 0 14 1 1
455 26 0 0 13 0 0 0 0 0
461 26 0 0 0 0 0 0 0 0
466 26 0 0 0 0 0 13 0 0
467 26 0 0 0 0 0 0 0 0
474 104 2 2 13 0 0 0 0 0
479 39 0 0 0 0 0 13 0 0
483 39 1 1 13 0 0 0 0 0
490 348 0 0 116 0 0 0 0 0
491 234 0 0 109 0 0 4 0 0
498 28 0 0 0 0 0 0 0 0
499 24 0 0 10 0 0 0 0 0
509 44 2 2 11 0 0 11 0 0
512 55 1 1 11 0 0 22 0 0
513 22 0 0 11 0 0 0 0 0
515 33 0 0 11 0 0 0 0 0
519 11 0 0 0 0 0 11 4 4
520 11 0 0 0 0 0 0 0 0
521 44 0 0 0 0 0 22 0 0
522 11 1 1 0 0 0 11 0 0
524 22 0 0 11 0 0 0 0 0
525 4 0 0 0 0 0 4 0 0
530 44 0 0 11 0 0 0 0 0
531 198 1 1 11 0 0 0 0 0
532 121 1 1 0 0 0 44 0 0
534 22 1 1 11 0 0 11 0 0
535 33 0 0 11 0 0 0 0 0
540 22 1 1 0 0 0 11 0 0
542 33 0 0 11 0 0 11 0 0
543 11 0 0 0 0 0 11 0 0
546 22 1 1 0 0 0 11 1 1
548 39 0 0 0 0 0 13 0 0
552 1 0 0 0 0 0 1 0 0
555 9 0 0 7 0 0 0 0 0
fn=open_path
2040 8 1 1 0 0 0 6 1 1
2041 2 0 0 1 0 0 1 1 1
2044 1 1 1 0 0 0 1 0 0
2045 1 0 0 0 0 0 1 0 0
2047 2 0 0 0 0 0 0 0 0
2052 17 1 1 2 0 0 7 1 1
2055 11 0 0 11 0 0 0 0 0
2064 22 0 0 11 0 0 0 0 0
2071 55 0 0 22 0 0 22 1 1
2072 231 1 1 11 0 0 0 0 0
2075 88 1 1 44 0 0 0 0 0
2078 88 0 0 0 0 0 0 0 0
2079 352 1 1 220 0 0 88 0 0
2080 176 0 0 44 0 0 0 0 0
2085 88 1 1 44 0 0 0 0 0
2086 33 1 1 0 0 0 0 0 0
2088 440 0 0 220 0 0 88 0 0
2090 220 0 0 132 0 0 0 0 0
2092 88 0 0 0 0 0 0 0 0
2097 88 1 1 44 0 0 0 0 0
2098 396 0 0 176 0 0 0 0 0
2104 134 1 1 44 0 0 45 0 0
2106 264 0 0 44 0 0 44 0 0
2107 22 0 0 11 1 1 0 0 0
2109 187 1 1 0 0 0 44 0 0
2116 132 0 0 44 0 0 0 0 0
2126 4 1 1 1 0 0 1 0 0
2154 1 0 0 0 0 0 0 0 0
2157 77 2 2 11 0 0 0 0 0
2162 11 0 0 11 0 0 0 0 0
2164 44 0 0 33 0 0 0 0 0
2167 3 0 0 1 0 0 0 0 0
2181 8 0 0 7 0 0 0 0 0
fn=open_verify.constprop.7
1717 644 1 1 46 0 0 414 1 1
1756 228 0 0 46 0 0 0 0 0
1787 230 1 1 0 0 0 92 1 1
1789 94 0 0 0 0 0 0 0 0
1799 2 1 1 0 0 0 2 0 0
1800 4 0 0 0 0 0 2 0 0
1805 16 0 0 4 0 0 4 0 0
1807 4 0 0 0 0 0 0 0 0
1809 6 1 1 2 0 0 2 0 0
1811 4 0 0 0 0 0 0 0 0
1817 4 0 0 0 0 0 0 0 0
1826 2 1 1 1 0 0 0 0 0
1833 36 3 3 5 0 0 5 0 0
1907 4 0 0 2 0 0 0 0 0
1912 4 0 0 2 0 0 0 0 0
1914 8 0 0 2 0 0 0 0 0
1920 4 1 1 0 0 0 0 0 0
1931 4 0 0 2 2 2 0 0 0
1937 12 0 0 2 0 0 0 0 0
1938 8 0 0 2 0 0 0 0 0
1939 6 1 1 2 0 0 2 0 0
1959 108 1 1 14 0 0 0 0 0
1961 36 1 1 17 8 8 0 0 0
1965 8 0 0 4 0 0 0 0 0
1966 6 0 0 2 0 0 0 0 0
1975 18 1 1 0 0 0 3 0 0
1978 14 0 0 4 0 0 0 0 0
1982 6 0 0 0 0 0 0 0 0
1987 1 0 0 0 0 0 0 0 0
1988 1 0 0 0 0 0 0 0 0
1991 2 0 0 0 0 0 0 0 0
1994 7 0 0 3 0 0 0 0 0
1997 3 0 0 1 0 0 0 0 0
1998 5 0 0 1 0 0 0 0 0
2003 44 0 0 0 0 0 0 0 0
2026 368 2 2 322 0 0 0 0 0
fl=/build/glibc-Cl5G7W/glibc-2.23/elf/dl-lookup.c
fn=_dl_lookup_symbol_x
568 5576 1 1 1305 88 85 89 0 0
569 4864 0 0 0 0 0 0 0 0
806 1335 2 2 89 0 0 801 14 8
808 178 0 0 0 0 0 89 1 1
809 178 0 0 0 0 0 178 0 0
812 89 0 0 89 5 3 0 0 0
816 340 0 0 81 0 0 0 0 0
820 623 1 1 178 0 0 267 0 0
821 178 0 0 0 0 0 0 0 0
823 178 1 1 178 1 0 0 0 0
827 302 0 0 7 0 0 0 0 0
829 1246 1 1 623 0 0 623 6 4
832 267 0 0 0 0 0 0 0 0
835 7 0 0 0 0 0 0 0 0
858 178 0 0 89 0 0 0 0 0
860 49 1 1 14 0 0 0 0 0
876 7 0 0 0 0 0 7 0 0
877 14 0 0 0 0 0 0 0 0
880 82 0 0 82 0 0 0 0 0
881 574 1 1 164 0 0 0 0 0
912 82 0 0 0 0 0 0 0 0
921 410 0 0 82 0 0 0 0 0
935 246 0 0 82 6 3 0 0 0
936 2 1 1 0 0 0 1 0 0
938 328 1 1 164 0 0 0 0 0
943 82 0 0 0 0 0 82 0 0
945 712 0 0 623 0 0 0 0 0
fn=_dl_setup_hash
956 12 1 1 4 0 0 0 0 0
960 4 0 0 4 0 0 0 0 0
964 8 0 0 4 4 4 4 0 0
965 4 0 0 4 0 0 0 0 0
966 4 0 0 4 1 1 0 0 0
968 12 0 0 0 0 0 0 0 0
969 4 0 0 0 0 0 4 0 0
970 12 1 1 4 0 0 4 0 0
972 4 0 0 0 0 0 4 0 0
973 8 0 0 0 0 0 0 0 0
975 4 0 0 0 0 0 4 0 0
977 12 0 0 0 0 0 4 0 0
978 4 0 0 4 0 0 0 0 0
fn=check_match
92 656 1 1 164 12 10 328 4 2
95 574 1 1 164 7 7 0 0 0
107 492 0 0 82 0 0 82 8 3
110 436 0 0 36 0 0 18 0 0
114 82 0 0 82 5 3 0 0 0
115 164 1 1 0 0 0 0 0 0
117 162 0 0 0 0 0 0 0 0
136 162 0 0 162 8 5 0 0 0
137 648 1 1 243 6 3 0 0 0
138 486 1 1 162 0 0 81 0 0
165 2 0 0 0 0 0 0 0 0
167 6 0 0 2 0 0 0 0 0
168 4 1 1 0 0 0 0 0 0
176 82 0 0 0 0 0 0 0 0
183 492 0 0 410 0 0 0 0 0
fn=do_lookup_x
311 198 0 0 0 0 0 0 0 0
355 1068 2 2 89 0 0 890 17 9
356 89 0 0 89 5 3 0 0 0
362 89 0 0 89 0 0 0 0 0
366 560 0 0 560 25 15 0 0 0
369 560 1 1 0 0 0 0 0 0
373 1005 0 0 89 0 0 178 0 0
377 560 0 0 280 11 6 0 0 0
381 560 0 0 280 4 3 0 0 0
387 840 0 0 280 9 6 0 0 0
391 280 1 1 0 0 0 280 0 0
392 280 0 0 0 0 0 280 0 0
395 840 0 0 560 24 12 280 0 0
396 840 0 0 560 10 6 280 0 0
399 280 0 0 280 0 0 0 0 0
400 560 0 0 0 0 0 0 0 0
402 840 1 1 840 48 41 0 0 0
403 356 1 1 0 0 0 89 0 0
410 3614 0 0 929 0 0 178 0 0
413 516 2 2 258 48 47 0 0 0
415 172 0 0 0 0 0 0 0 0
417 1118 1 1 344 0 0 430 0 0
420 840 0 0 168 63 61 0 0 0
422 328 1 1 82 0 0 0 0 0
423 1230 1 1 574 0 0 492 3 1
427 246 0 0 0 0 0 0 0 0
430 258 0 0 0 0 0 0 0 0
439 738 2 2 410 0 0 0 0 0
461 8 1 1 4 0 0 0 0 0
469 164 1 1 82 0 0 0 0 0
519 612 0 0 82 0 0 0 0 0
523 33 0 0 11 2 1 0 0 0
535 164 1 1 82 0 0 82 0 0
536 82 0 0 0 0 0 82 0 0
537 164 0 0 0 0 0 0 0 0
553 1404 1 1 534 2 0 0 0 0
554 145 0 0 0 0 0 29 0 0
555 28 2 2 20 0 0 0 0 0
557 594 0 0 0 0 0 0 0 0
560 7 0 0 0 0 0 0 0 0
561 712 1 1 623 0 0 0 0 0
fl=/build/glibc-Cl5G7W/glibc-2.23/elf/dl-minimal.c
fn=__libc_memalign
52 132 1 1 0 0 0 88 3 3
53 175 0 0 87 0 0 0 0 0
58 5 0 0 0 0 0 1 0 0
59 2 1 1 1 0 0 0 0 0
64 176 0 0 0 0 0 44 0 0
67 296 1 1 0 0 0 0 0 0
71 12 0 0 3 0 0 0 0 0
72 6 0 0 0 0 0 0 0 0
78 24 0 0 0 0 0 3 1 1
80 15 0 0 6 0 0 0 0 0
84 9 0 0 0 0 0 3 0 0
87 44 1 1 0 0 0 44 0 0
88 44 0 0 0 0 0 44 0 0
90 220 0 0 132 0 0 0 0 0
fn=calloc
103 8 1 1 0 0 0 0 0 0
107 8 0 0 0 0 0 0 0 0
111 40 0 0 0 0 0 0 0 0
114 8 0 0 0 0 0 0 0 0
fn=free
120 13 1 1 0 0 0 13 0 0
122 39 0 0 13 0 0 0 0 0
126 10 0 0 2 0 0 2 0 0
127 2 0 0 0 0 0 2 0 0
129 26 0 0 26 0 0 0 0 0
fn=malloc
94 43 0 0 0 0 0 0 0 0
95 86 0 0 0 0 0 0 0 0
fn=strsep
354 28 1 1 14 0 0 0 0 0
356 14 0 0 14 0 0 0 0 0
357 28 0 0 0 0 0 0 0 0
361 4921 1 1 979 0 0 0 0 0
366 3888 0 0 1944 0 0 0 0 0
368 5796 0 0 1932 0 0 0 0 0
372 24 0 0 0 0 0 12 0 0
376 966 0 0 0 0 0 0 0 0
379 13 0 0 0 0 0 13 0 0
383 14 0 0 14 0 0 0 0 0
fl=/build/glibc-Cl5G7W/glibc-2.23/elf/dl-misc.c
fn=_dl_name_match_p
288 215 1 1 0 0 0 86 4 2
289 172 0 0 43 7 3 43 0 0
290 46 0 0 0 0 0 0 0 0
292 43 0 0 43 0 0 0 0 0
294 174 0 0 0 0 0 0 0 0
295 235 1 1 47 6 3 47 0 0
298 44 0 0 44 0 0 0 0 0
300 40 0 0 0 0 0 0 0 0
301 215 0 0 129 0 0 0 0 0
fn=_dl_sysdep_read_whole_file
45 8 2 2 0 0 0 4 0 0
52 3 0 0 0 0 0 1 0 0
53 2 0 0 0 0 0 0 0 0
55 7 0 0 0 0 0 1 0 0
57 2 0 0 1 0 0 1 0 0
60 2 0 0 0 0 0 0 0 0
62 8 1 1 0 0 0 1 0 0
73 2 0 0 0 0 0 1 0 0
76 7 0 0 5 0 0 0 0 0
fl=/build/glibc-Cl5G7W/glibc-2.23/elf/dl-object.c
fn=_dl_add_to_namespace_list
32 15 1 1 0 0 0 9 0 0
34 9 0 0 3 0 0 3 0 0
36 22 0 0 3 0 0 0 0 0
39 15 0 0 5 0 0 0 0 0
41 2 0 0 0 0 0 2 0 0
43 2 0 0 0 0 0 2 0 0
46 2 0 0 0 0 0 1 0 0
47 9 1 1 3 0 0 0 0 0
48 6 0 0 3 0 0 3 0 0
49 6 0 0 0 0 0 3 0 0
51 6 0 0 3 0 0 0 0 0
52 9 0 0 9 0 0 0 0 0
fn=_dl_new_object
61 42 1 1 0 0 0 30 2 2
62 9 0 0 0 0 0 3 0 0
68 39 3 3 6 1 1 0 0 0
75 15 0 0 0 0 0 6 0 0
78 6 1 1 0 0 0 0 0 0
81 3 0 0 0 0 0 3 2 2
82 6 0 0 0 0 0 3 3 3
85 6 0 0 0 0 0 3 1 1
87 15 0 0 6 0 0 6 1 1
89 3 1 1 0 0 0 3 0 0
97 18 0 0 6 0 0 3 1 1
98 18 0 0 6 3 3 3 0 0
101 6 0 0 3 0 0 0 0 0
102 8 0 0 2 0 0 3 3 3
103 3 1 1 0 0 0 3 1 1
107 3 0 0 0 0 0 3 0 0
110 44 0 0 0 0 0 0 0 0
112 32 0 0 0 0 0 16 4 4
122 6 0 0 0 0 0 3 0 0
123 3 1 1 0 0 0 3 3 3
128 18 0 0 3 1 1 0 0 0
130 8 0 0 0 0 0 2 1 1
133 8 1 1 0 0 0 0 0 0
137 6 0 0 2 0 0 0 0 0
141 12 1 1 0 0 0 0 0 0
143 5 1 1 1 0 0 0 0 0
149 1 0 0 0 0 0 1 0 0
152 6 1 1 0 0 0 3 0 0
155 9 0 0 0 0 0 3 0 0
157 14 0 0 2 0 0 4 0 0
161 8 0 0 2 0 0 0 0 0
165 6 0 0 0 0 0 2 0 0
166 8 0 0 0 0 0 0 0 0
168 1 1 1 0 0 0 0 0 0
211 48 1 1 4 0 0 2 0 0
216 42 0 0 0 0 0 0 0 0
217 88 0 0 42 0 0 0 0 0
222 4 0 0 0 0 0 2 0 0
225 4 0 0 0 0 0 2 0 0
229 24 0 0 21 0 0 0 0 0
fl=/build/glibc-Cl5G7W/glibc-2.23/elf/dl-open.c
fn=_dl_find_dso_for_object
182 5 2 2 1 0 0 0 0 0
183 10 1 1 3 0 0 0 0 0
184 12 0 0 6 1 0 0 0 0
185 2 0 0 1 0 0 0 0 0
188 2 0 0 1 0 0 0 0 0
192 1 0 0 1 0 0 0 0 0
fl=/build/glibc-Cl5G7W/glibc-2.23/elf/dl-reloc.c
fn=_dl_relocate_object
149 48 2 2 0 0 0 32 0 0
156 4 0 0 0 0 0 4 0 0
159 8 0 0 0 0 0 0 0 0
160 24 0 0 0 0 0 12 0 0
164 8 0 0 0 0 0 0 0 0
165 24 0 0 4 1 0 4 0 0
171 8 1 1 4 0 0 0 0 0
177 12 0 0 4 0 0 0 0 0
178 8 1 1 4 3 0 0 0 0
181 8 0 0 4 0 0 0 0 0
188 8 0 0 4 0 0 0 0 0
232 12 1 1 8 0 0 4 0 0
258 192 3 3 59 10 0 53 0 0
261 16 0 0 4 0 0 0 0 0
285 4 0 0 4 0 0 0 0 0
288 8 0 0 4 0 0 0 0 0
305 12 0 0 4 2 0 0 0 0
307 32 0 0 28 1 0 0 0 0
313 28 2 2 12 0 0 4 0 0
316 8 0 0 0 0 0 0 0 0
320 8 0 0 0 0 0 0 0 0
321 28 1 1 4 0 0 4 0 0
fl=/build/glibc-Cl5G7W/glibc-2.23/elf/dl-tls.c
fn=_dl_add_to_slotinfo
890 4 1 1 0 0 0 3 0 0
896 2 1 1 1 0 0 0 0 0
899 1 0 0 1 1 0 0 0 0
904 5 0 0 1 0 0 0 0 0
945 1 0 0 0 0 0 1 1 0
946 3 1 1 1 1 0 1 0 0
947 4 0 0 4 0 0 0 0 0
fn=_dl_allocate_tls_init
449 7 0 0 0 0 0 6 0 0
450 2 1 1 0 0 0 0 0 0
454 2 0 0 1 1 0 1 0 0
456 1 0 0 0 0 0 1 0 0
457 3 0 0 1 0 0 0 0 0
460 4 1 1 2 1 0 1 0 0
472 1 0 0 1 0 0 0 0 0
477 9 0 0 1 0 0 0 0 0
483 16 1 1 1 0 0 1 0 0
486 1 0 0 1 0 0 0 0 0
487 2 1 1 0 0 0 0 0 0
493 3 0 0 2 0 0 0 0 0
494 2 0 0 0 0 0 0 0 0
496 5 0 0 2 0 0 1 0 0
497 1 0 0 0 0 0 1 0 0
499 3 0 0 0 0 0 0 0 0
500 1 1 1 1 0 0 0 0 0
503 2 0 0 0 0 0 0 0 0
504 4 0 0 2 0 0 0 0 0
506 2 0 0 0 0 0 0 0 0
515 12 1 1 4 0 0 2 0 0
529 2 1 1 1 0 0 1 0 0
531 1 0 0 1 0 0 0 0 0
532 8 0 0 7 0 0 0 0 0
fn=_dl_allocate_tls_storage
321 2 1 1 1 0 0 0 0 0
322 3 0 0 0 0 0 1 0 0
323 2 0 0 0 0 0 0 0 0
326 1 0 0 0 0 0 1 1 1
332 2 0 0 0 0 0 1 0 0
354 3 1 1 0 0 0 3 0 0
356 1 0 0 1 0 0 0 0 0
367 3 0 0 1 0 0 1 0 0
368 2 0 0 0 0 0 0 0 0
375 2 1 1 0 0 0 0 0 0
379 297 0 0 0 0 0 289 36 36
396 5 0 0 4 0 0 0 0 0
fn=_dl_count_modids
115 2 1 1 1 0 0 0 0 0
116 2 0 0 2 0 0 0 0 0
fn=_dl_determine_tlsoffset
138 7 1 1 0 0 0 6 0 0
144 3 0 0 1 0 0 0 0 0
147 2 0 0 1 0 0 0 0 0
183 9 0 0 2 0 0 0 0 0
185 10 1 1 1 0 0 0 0 0
187 4 0 0 1 0 0 0 0 0
188 1 1 1 1 0 0 0 0 0
190 3 1 1 0 0 0 0 0 0
192 7 0 0 1 0 0 0 0 0
208 6 0 0 0 0 0 0 0 0
210 4 0 0 0 0 0 0 0 0
220 1 1 1 0 0 0 1 0 0
223 4 0 0 0 0 0 1 0 0
224 1 0 0 0 0 0 1 0 0
275 1 1 1 0 0 0 1 0 0
276 8 0 0 7 0 0 0 0 0
fn=_dl_next_tls_modid
49 1 1 1 0 0 0 0 0 0
52 4 0 0 2 0 0 0 0 0
100 1 0 0 0 0 0 1 0 0
104 2 1 1 1 0 0 0 0 0
fl=/build/glibc-Cl5G7W/glibc-2.23/elf/dl-version.c
fn=_dl_check_all_versions
380 5 1 1 0 0 0 4 0 0
384 19 0 0 4 0 0 0 0 0
385 4 0 0 0 0 0 0 0 0
386 40 1 1 4 0 0 4 0 0
389 7 0 0 5 0 0 0 0 0
fn=_dl_check_map_versions
56 24 0 0 4 0 0 0 0 0
57 5 0 0 5 0 0 0 0 0
58 37 1 1 0 0 0 7 0 0
174 36 1 1 0 0 0 24 0 0
175 2 0 0 0 0 0 0 0 0
183 2 0 0 0 0 0 0 0 0
189 12 1 1 4 0 0 0 0 0
190 2 0 0 0 0 0 0 0 0
191 8 0 0 4 0 0 4 0 0
193 8 0 0 4 0 0 4 0 0
194 16 0 0 4 0 0 12 0 0
196 8 0 0 0 0 0 0 0 0
199 6 1 1 4 0 0 2 0 0
203 10 0 0 2 2 2 0 0 0
220 4 0 0 4 0 0 0 0 0
228 6 0 0 2 0 0 0 0 0
233 16 1 1 4 0 0 0 0 0
237 74 1 1 40 1 1 8 0 0
244 24 0 0 12 0 0 0 0 0
247 12 0 0 4 0 0 0 0 0
252 2 0 0 0 0 0 0 0 0
256 12 1 1 4 0 0 0 0 0
270 8 1 1 4 0 0 0 0 0
273 8 0 0 6 0 0 0 0 0
276 120 0 0 30 6 6 0 0 0
279 90 0 0 30 3 3 0 0 0
283 28 0 0 0 0 0 0 0 0
287 9 1 1 0 0 0 0 0 0
292 3 0 0 0 0 0 3 0 0
293 12 0 0 0 0 0 3 0 0
294 6 1 1 0 0 0 0 0 0
302 3 0 0 0 0 0 3 0 0
305 9 0 0 6 0 0 3 1 0
307 9 0 0 3 0 0 0 0 0
310 8 1 1 6 0 0 0 0 0
314 6 0 0 2 0 0 0 0 0
317 12 0 0 4 0 0 0 0 0
319 12 0 0 0 0 0 0 0 0
321 20 0 0 4 0 0 4 0 0
322 12 0 0 0 0 0 4 3 3
323 12 1 1 4 0 0 4 0 0
324 12 0 0 4 0 0 4 0 0
327 12 0 0 4 0 0 0 0 0
332 2 0 0 0 0 0 0 0 0
335 6 0 0 2 0 0 0 0 0
345 9 0 0 3 0 0 0 0 0
348 8 1 1 6 0 0 0 0 0
352 28 0 0 28 0 0 0 0 0
354 60 0 0 30 0 0 0 0 0
359 168 0 0 56 0 0 28 8 8
360 84 0 0 28 0 0 28 0 0
361 28 0 0 0 0 0 28 3 3
364 90 0 0 30 0 0 0 0 0
368 28 0 0 0 0 0 0 0 0
374 35 1 1 28 0 0 0 0 0
fn=match_symbol
76 52 2 2 0 0 0 32 0 0
77 8 0 0 8 0 0 0 0 0
85 8 0 0 4 0 0 0 0 0
91 12 0 0 4 1 0 0 0 0
106 4 1 1 4 0 0 0 0 0
107 8 0 0 0 0 0 0 0 0
109 4 0 0 4 0 0 0 0 0
114 36 0 0 18 6 6 0 0 0
128 36 0 0 18 0 0 0 0 0
133 28 1 1 8 1 0 4 0 0
140 42 0 0 14 2 2 0 0 0
144 14 0 0 0 0 0 0 0 0
168 32 0 0 28 0 0 0 0 0
fl=/build/glibc-Cl5G7W/glibc-2.23/elf/do-rel.h
fn=_dl_relocate_object
47 24 0 0 8 0 0 8 0 0
48 8 0 0 8 0 0 0 0 0
58 24 1 1 8 1 0 0 0 0
61 93 0 0 0 0 0 0 0 0
63 104 1 1 26 9 9 0 0 0
65 26 0 0 0 0 0 0 0 0
74 6 0 0 0 0 0 0 0 0
75 46 2 2 17 0 0 0 0 0
76 16 0 0 8 0 0 0 0 0
83 10 0 0 5 0 0 5 0 0
84 5 1 1 5 0 0 0 0 0
86 15 1 1 5 0 0 0 0 0
98 15 0 0 0 0 0 0 0 0
108 9 1 1 1 1 1 0 0 0
111 3584 1 1 0 0 0 0 0 0
112 2384 0 0 1192 0 0 0 0 0
118 15 0 0 5 4 0 0 0 0
121 8 0 0 4 3 0 4 0 0
124 296 1 1 99 1 0 3 1 0
127 368 0 0 92 25 21 0 0 0
129 8 0 0 0 0 0 0 0 0
136 368 0 0 184 46 43 0 0 0
137 593 0 0 92 0 0 92 1 0
138 92 1 1 92 1 0 0 0 0
139 184 0 0 92 0 0 0 0 0
143 6 0 0 0 0 0 0 0 0
160 27 3 3 9 0 0 3 0 0
162 24 0 0 6 1 1 0 0 0
170 36 1 1 6 0 0 6 0 0
171 12 0 0 12 0 0 0 0 0
174 2 0 0 0 0 0 0 0 0
fn=_dl_start
83 1 0 0 1 0 0 0 0 0
84 1 0 0 1 0 0 0 0 0
111 33 0 0 0 0 0 0 0 0
112 20 0 0 10 2 2 0 0 0
116 2 0 0 1 0 0 0 0 0
124 22 0 0 0 0 0 0 0 0
136 6 0 0 6 2 2 0 0 0
137 36 1 1 6 0 0 0 0 0
fl=/build/glibc-Cl5G7W/glibc-2.23/elf/get-dynamic-info.h
fn=_dl_map_object_from_fd
39 4 0 0 0 0 0 0 0 0
43 2 0 0 0 0 0 0 0 0
45 141 0 0 47 13 13 0 0 0
47 90 0 0 0 0 0 0 0 0
60 42 0 0 0 0 0 0 0 0
61 71 1 1 0 0 0 43 11 11
62 8 0 0 0 0 0 0 0 0
64 2 0 0 0 0 0 0 0 0
65 10 1 1 0 0 0 0 0 0
67 2 0 0 0 0 0 0 0 0
68 10 0 0 0 0 0 0 0 0
70 10 0 0 0 0 0 2 0 0
71 45 0 0 0 0 0 0 0 0
78 4 0 0 0 0 0 0 0 0
98 7 0 0 3 0 0 0 0 0
99 8 1 1 4 0 0 0 0 0
100 8 0 0 4 0 0 0 0 0
101 8 0 0 4 0 0 0 0 0
103 8 0 0 4 0 0 0 0 0
108 8 1 1 4 0 0 0 0 0
109 7 0 0 3 1 1 0 0 0
110 8 0 0 4 0 0 0 0 0
116 6 0 0 2 0 0 0 0 0
121 4 0 0 2 0 0 0 0 0
128 4 1 1 2 0 0 0 0 0
129 6 0 0 4 0 0 0 0 0
145 6 0 0 2 0 0 0 0 0
150 2 0 0 1 0 0 1 0 0
152 2 0 0 0 0 0 0 0 0
154 2 0 0 0 0 0 0 0 0
156 2 0 0 0 0 0 0 0 0
159 6 1 1 2 0 0 0 0 0
161 4 0 0 1 0 0 1 1 1
169 2 0 0 1 0 0 0 0 0
174 2 1 1 0 0 0 0 0 0
177 4 0 0 2 0 0 0 0 0
fn=_dl_start
45 57 1 1 19 6 6 0 0 0
47 36 0 0 0 0 0 0 0 0
48 26 0 0 0 0 0 13 4 4
60 21 0 0 0 0 0 0 0 0
61 18 2 2 0 0 0 4 3 3
62 4 1 1 0 0 0 0 0 0
64 1 0 0 0 0 0 0 0 0
65 5 1 1 0 0 0 0 0 0
67 2 0 0 0 0 0 0 0 0
68 5 1 1 0 0 0 0 0 0
70 6 0 0 0 0 0 1 1 1
71 18 0 0 0 0 0 0 0 0
78 2 0 0 0 0 0 0 0 0
98 4 0 0 2 0 0 0 0 0
99 4 0 0 2 0 0 0 0 0
100 4 1 1 2 0 0 0 0 0
101 4 0 0 2 0 0 0 0 0
103 4 0 0 2 0 0 0 0 0
108 4 0 0 2 0 0 0 0 0
109 4 1 1 2 0 0 0 0 0
110 4 0 0 2 0 0 0 0 0
116 3 0 0 1 0 0 0 0 0
121 2 0 0 1 0 0 0 0 0
128 3 0 0 1 0 0 0 0 0
129 3 1 1 2 0 0 0 0 0
137 3 0 0 1 0 0 0 0 0
139 3 0 0 1 0 0 0 0 0
142 2 1 1 1 0 0 0 0 0
143 2 0 0 1 0 0 0 0 0
fn=dl_main
30 1 0 0 1 0 0 0 0 0
39 2 0 0 0 0 0 0 0 0
43 1 0 0 0 0 0 0 0 0
45 72 0 0 24 7 7 0 0 0
47 46 0 0 0 0 0 0 0 0
60 17 0 0 0 0 0 0 0 0
61 33 0 0 0 0 0 22 6 6
62 4 1 1 0 0 0 0 0 0
64 1 0 0 0 0 0 0 0 0
65 5 1 1 0 0 0 0 0 0
67 1 1 1 0 0 0 0 0 0
68 5 1 1 0 0 0 0 0 0
70 5 0 0 0 0 0 1 0 0
71 23 0 0 0 0 0 0 0 0
78 3 0 0 1 0 0 0 0 0
116 3 1 1 1 0 0 0 0 0
121 2 0 0 1 0 0 0 0 0
128 2 0 0 1 0 0 0 0 0
129 3 1 1 2 0 0 0 0 0
145 3 0 0 1 0 0 0 0 0
159 3 1 1 1 0 0 0 0 0
177 2 1 1 1 0 0 0 0 0
fl=/build/glibc-Cl5G7W/glibc-2.23/elf/rtld.c
fn=_dl_initial_error_catch_tsd
664 8 0 0 4 0 0 0 0 0
fn=_dl_start
302 2 0 0 0 0 0 1 1 1
303 2 0 0 0 0 0 1 0 0
304 2 0 0 0 0 0 1 1 1
305 2 0 0 0 0 0 1 0 0
306 2 1 1 0 0 0 1 0 0
314 5 0 0 0 0 0 1 1 1
317 1 0 0 0 0 0 1 0 0
323 4 0 0 0 0 0 1 0 0
332 1 0 0 0 0 0 0 0 0
335 5 0 0 1 1 0 1 1 0
339 2 0 0 1 0 0 0 0 0
353 9 2 2 0 0 0 6 1 1
371 5 0 0 0 0 0 1 1 1
394 1 0 0 0 0 0 1 0 0
397 1 0 0 0 0 0 1 1 1
408 2 0 0 0 0 0 0 0 0
413 26 2 2 9 0 0 0 0 0
415 1 1 1 1 1 1 0 0 0
440 9 0 0 7 1 0 0 0 0
fn=dl_main
719 1 0 0 1 0 0 0 0 0
721 3 0 0 1 0 0 1 0 0
730 1 1 1 0 0 0 1 0 0
732 1 0 0 0 0 0 1 0 0
737 1 0 0 0 0 0 1 0 0
790 12 2 2 0 0 0 7 2 2
799 1 0 0 0 0 0 0 0 0
805 1 0 0 0 0 0 1 0 0
809 2 0 0 0 0 0 1 0 0
812 2 0 0 0 0 0 1 1 1
816 2 0 0 0 0 0 1 1 1
817 2 1 1 0 0 0 1 0 0
822 2 0 0 0 0 0 1 0 0
832 3 1 1 1 0 0 0 0 0
1033 8 1 1 0 0 0 1 0 0
1035 2 0 0 0 0 0 0 0 0
1036 1 0 0 0 0 0 1 0 0
1037 2 1 1 1 0 0 1 0 0
1038 2 0 0 1 0 0 1 0 0
1042 3 0 0 0 0 0 1 0 0
1043 3 0 0 1 0 0 0 0 0
1064 1 0 0 0 0 0 1 1 1
1065 1 1 1 0 0 0 1 0 0
1067 1 0 0 0 0 0 1 0 0
1069 1 0 0 1 0 0 0 0 0
1072 35 0 0 1 0 0 0 0 0
1073 71 1 1 9 5 5 0 0 0
1077 3 1 1 1 0 0 1 0 0
1078 1 0 0 0 0 0 0 0 0
1082 3 1 1 2 0 0 1 0 0
1083 1 0 0 0 0 0 0 0 0
1091 1 0 0 0 0 0 1 1 1
1092 2 0 0 2 1 1 0 0 0
1094 3 1 1 0 0 0 1 0 0
1101 2 0 0 1 0 0 0 0 0
1119 1 0 0 0 0 0 0 0 0
1127 8 0 0 2 0 0 0 0 0
1128 7 2 2 3 1 1 0 0 0
1129 4 1 1 2 0 0 0 0 0
1130 1 0 0 0 0 0 1 0 0
1133 4 0 0 2 1 1 0 0 0
1134 4 0 0 2 0 0 0 0 0
1135 2 0 0 0 0 0 2 0 0
1136 6 0 0 3 0 0 0 0 0
1137 2 0 0 0 0 0 1 0 0
1164 2 0 0 1 0 0 1 0 0
1165 1 0 0 0 0 0 0 0 0
1168 2 1 1 1 0 0 1 0 0
1169 2 0 0 1 0 0 1 0 0
1170 1 0 0 0 0 0 0 0 0
1175 5 1 1 3 1 1 0 0 0
1178 2 0 0 0 0 0 0 0 0
1180 2 0 0 0 0 0 0 0 0
1182 3 1 1 1 0 0 0 0 0
1195 3 0 0 1 0 0 0 0 0
1196 8 0 0 4 0 0 1 0 0
1201 1 0 0 0 0 0 1 0 0
1203 1 1 1 0 0 0 1 1 1
1204 1 0 0 0 0 0 1 0 0
1206 2 0 0 1 0 0 0 0 0
1207 2 0 0 0 0 0 1 0 0
1211 2 0 0 1 0 0 0 0 0
1213 2 1 1 0 0 0 0 0 0
1218 2 0 0 0 0 0 1 0 0
1221 2 0 0 1 0 0 0 0 0
1237 3 1 1 0 0 0 1 0 0
1243 9 1 1 1 0 0 2 0 0
1248 2 1 1 1 0 0 1 0 0
1251 4 1 1 1 0 0 1 0 0
1253 1 0 0 0 0 0 1 0 0
1258 2 0 0 1 0 0 0 0 0
1261 3 0 0 2 0 0 1 0 0
1262 4 1 1 1 0 0 1 0 0
1263 2 0 0 0 0 0 1 0 0
1264 1 0 0 0 0 0 1 0 0
1265 1 0 0 1 0 0 0 0 0
1266 1 0 0 1 0 0 0 0 0
1271 2 0 0 1 0 0 0 0 0
1272 5 0 0 1 0 0 1 0 0
1289 2 1 1 1 1 1 0 0 0
1290 2 0 0 1 0 0 0 0 0
1292 4 0 0 1 0 0 0 0 0
1294 2 1 1 0 0 0 1 0 0
1295 4 0 0 1 0 0 1 1 1
1300 3 0 0 0 0 0 0 0 0
1301 5 0 0 1 1 1 0 0 0
1303 2 0 0 1 0 0 1 1 1
1304 2 0 0 1 0 0 1 0 0
1309 2 1 1 1 0 0 0 0 0
1314 3 0 0 1 0 0 0 0 0
1491 2 0 0 0 0 0 2 0 0
1499 3 1 1 1 0 0 0 0 0
1502 1 0 0 0 0 0 1 0 0
1506 3 0 0 1 0 0 0 0 0
1511 1 0 0 0 0 0 1 0 0
1512 1 0 0 0 0 0 1 0 0
1513 1 0 0 0 0 0 0 0 0
1517 3 0 0 1 0 0 0 0 0
1532 3 1 1 2 0 0 0 0 0
1533 1 0 0 0 0 0 0 0 0
1534 1 0 0 0 0 0 0 0 0
1536 3 0 0 1 0 0 0 0 0
1538 5 0 0 0 0 0 0 0 0
1539 3 0 0 0 0 0 1 0 0
1540 1 0 0 0 0 0 0 0 0
1542 6 1 1 1 0 0 1 0 0
1552 5 0 0 0 0 0 1 0 0
1629 4 0 0 2 0 0 0 0 0
1633 8 1 1 0 0 0 0 0 0
1634 1 0 0 0 0 0 0 0 0
1637 3 0 0 0 0 0 1 0 0
1638 1 0 0 1 0 0 0 0 0
1639 2 0 0 0 0 0 0 0 0
1640 2 0 0 0 0 0 0 0 0
1646 5 1 1 0 0 0 0 0 0
1647 8 0 0 1 0 0 1 0 0
1648 1 0 0 0 0 0 0 0 0
1650 6 1 1 1 0 0 1 0 0
1653 13 0 0 2 0 0 0 0 0
1654 16 0 0 8 0 0 0 0 0
1657 3 1 1 2 0 0 1 0 0
1658 4 1 1 1 0 0 0 0 0
1659 1 0 0 0 0 0 1 0 0
1661 10 1 1 0 0 0 0 0 0
1662 11 0 0 4 0 0 0 0 0
1672 2 1 1 0 0 0 1 0 0
1674 2 1 1 1 0 0 1 0 0
1675 3 0 0 1 0 0 0 0 0
1677 2 0 0 0 0 0 1 0 0
1679 3 0 0 0 0 0 0 0 0
1681 3 0 0 1 0 0 0 0 0
1682 1 0 0 1 0 0 0 0 0
1695 2 1 1 0 0 0 0 0 0
1696 2 0 0 0 0 0 1 0 0
1697 3 0 0 1 0 0 0 0 0
1708 5 1 1 1 0 0 1 0 0
1709 1 0 0 0 0 0 1 0 0
1710 5 0 0 0 0 0 1 0 0
1720 2 0 0 1 0 0 1 0 0
1721 2 1 1 1 0 0 0 0 0
1722 2 0 0 0 0 0 2 0 0
1724 2 0 0 1 0 0 0 0 0
1729 3 0 0 1 0 0 0 0 0
1959 3 0 0 1 1 1 0 0 0
2015 2 1 1 0 0 0 1 0 0
2019 4 1 1 2 0 0 2 0 0
2023 2 0 0 1 0 0 1 0 0
2026 2 0 0 1 0 0 0 0 0
2080 3 1 1 1 0 0 0 0 0
2087 1 0 0 1 0 0 0 0 0
2089 7 1 1 1 0 0 1 0 0
2091 11 1 1 0 0 0 0 0 0
2093 12 0 0 8 1 0 0 0 0
2098 8 0 0 8 0 0 0 0 0
2100 10 0 0 0 0 0 0 0 0
2102 1 1 1 0 0 0 1 0 0
2103 1 0 0 1 0 0 0 0 0
2106 4 0 0 4 0 0 0 0 0
2108 9 0 0 0 0 0 0 0 0
2109 24 0 0 6 2 0 3 0 0
2113 14 0 0 5 2 0 0 0 0
2114 3 0 0 0 0 0 1 0 0
2116 1 0 0 0 0 0 0 0 0
2118 6 0 0 1 1 0 1 0 0
2124 2 0 0 1 0 0 0 0 0
2129 4 1 1 2 0 0 0 0 0
2131 1 0 0 1 0 0 0 0 0
2136 3 1 1 1 0 0 1 0 0
2139 2 0 0 1 0 0 0 0 0
2148 3 0 0 2 0 0 0 0 0
2150 2 1 1 1 0 0 0 0 0
2165 5 0 0 0 0 0 0 0 0
2167 1 0 0 1 0 0 0 0 0
2168 5 0 0 1 0 0 1 0 0
2169 1 0 0 0 0 0 0 0 0
2171 6 1 1 1 0 0 1 0 0
2179 1 0 0 0 0 0 1 0 0
2183 3 0 0 1 0 0 0 0 0
2203 4 0 0 0 0 0 1 0 0
2204 1 0 0 0 0 0 1 0 0
2205 1 0 0 0 0 0 1 0 0
2206 1 0 0 0 0 0 0 0 0
2210 1 1 1 0 0 0 1 0 0
2215 8 0 0 7 2 0 0 0 0
2383 2 0 0 1 0 0 1 1 1
2385 1 0 0 0 0 0 1 0 0
2386 1 0 0 0 0 0 0 0 0
2390 13 1 1 1 0 0 4 0 0
2392 15 0 0 3 0 0 3 1 1
2396 107 1 1 21 0 0 0 0 0
2397 19 0 0 0 0 0 0 0 0
2399 4 0 0 0 0 0 0 0 0
2405 14 1 1 2 1 1 0 0 0
2426 6 1 1 0 0 0 1 0 0
2433 6 2 2 0 0 0 1 0 0
2435 3 0 0 0 0 0 1 0 0
2480 3 1 1 1 0 0 0 0 0
2481 6 1 1 0 0 0 1 0 0
2483 3 1 1 0 0 0 1 1 1
2553 3 0 0 1 0 0 0 0 0
2583 3 0 0 1 0 0 0 0 0
fn=handle_ld_preload
108 3 1 1 1 0 0 0 0 0
672 1 0 0 0 0 0 1 0 0
676 1 0 0 0 0 0 1 0 0
677 2 1 1 1 0 0 1 0 0
678 1 0 0 0 0 0 1 0 0
680 1 0 0 1 0 0 0 0 0
682 13 0 0 3 0 0 4 0 0
683 3 0 0 1 0 0 0 0 0
696 3 0 0 1 0 0 0 0 0
757 9 1 1 0 0 0 7 1 1
758 1 0 0 0 0 0 0 0 0
762 6 1 1 2 0 0 0 0 0
766 2 0 0 0 0 0 0 0 0
768 6 1 1 0 0 0 1 0 0
769 2 0 0 0 0 0 1 0 0
776 4 0 0 0 0 0 0 0 0
779 2 0 0 1 0 0 0 0 0
780 1 0 0 0 0 0 0 0 0
783 9 1 1 7 0 0 0 0 0
fn=init_tls
589 2 1 1 0 0 0 1 0 0
591 2 0 0 1 0 0 1 0 0
595 2 0 0 1 0 0 0 0 0
604 1 1 1 0 0 0 1 0 0
605 4 0 0 0 0 0 1 0 0
610 1 0 0 0 0 0 0 0 0
611 2 0 0 0 0 0 1 0 0
612 1 0 0 0 0 0 1 0 0
616 2 0 0 1 1 1 0 0 0
617 1 0 0 0 0 0 0 0 0
618 11 1 1 1 0 0 0 0 0
619 8 0 0 4 0 0 0 0 0
620 8 0 0 4 0 0 0 0 0
624 3 0 0 0 0 0 1 1 1
626 1 0 0 0 0 0 0 0 0
628 3 0 0 0 0 0 0 0 0
631 1 1 1 0 0 0 1 0 0
638 2 0 0 0 0 0 1 0 0
639 2 0 0 0 0 0 0 0 0
645 2 1 1 1 0 0 1 0 0
648 7 0 0 0 0 0 2 0 0
651 1 0 0 0 0 0 1 0 0
653 1 0 0 0 0 0 0 0 0
654 2 0 0 2 0 0 0 0 0
fn=map_doit
496 2 1 1 0 0 0 1 0 0
498 1 0 0 1 0 0 0 0 0
499 9 0 0 2 0 0 2 0 0
501 2 0 0 2 0 0 0 0 0
fn=rtld_lock_default_lock_recursive
704 8 1 1 8 2 1 0 0 0
fn=rtld_lock_default_unlock_recursive
710 8 0 0 8 1 0 0 0 0
fn=version_check_doit
529 2 1 1 0 0 0 1 0 0
531 6 0 0 2 0 0 1 0 0
535 2 0 0 2 0 0 0 0 0
fl=/build/glibc-Cl5G7W/glibc-2.23/elf/setup-vdso.h
fn=dl_main
24 2 0 0 1 0 0 0 0 0
fl=/build/glibc-Cl5G7W/glibc-2.23/io/../sysdeps/unix/syscall-template.S
fn=access
84 12 1 1 0 0 0 0 0 0
86 15 0 0 3 0 0 3 0 0
fn=close
84 12 1 1 0 0 0 0 0 0
85 3 0 0 3 0 0 0 0 0
fn=open
84 188 1 1 0 0 0 0 0 0
85 3 0 0 3 0 0 0 0 0
86 220 0 0 44 0 0 44 0 0
fn=read
84 8 1 1 0 0 0 0 0 0
85 2 0 0 2 0 0 0 0 0
fl=/build/glibc-Cl5G7W/glibc-2.23/io/../sysdeps/unix/sysv/linux/wordsize-64/fxstat.c
fn=_fxstat
33 4 0 0 0 0 0 0 0 0
34 8 2 2 0 0 0 0 0 0
35 24 0 0 0 0 0 0 0 0
39 4 0 0 4 0 0 0 0 0
fl=/build/glibc-Cl5G7W/glibc-2.23/io/../sysdeps/unix/sysv/linux/wordsize-64/xstat.c
fn=_xstat
33 44 0 0 0 0 0 0 0 0
34 88 1 1 0 0 0 0 0 0
35 396 0 0 33 0 0 33 0 0
39 11 0 0 11 0 0 0 0 0
fl=/build/glibc-Cl5G7W/glibc-2.23/libio/filedoalloc.c
fn=_IO_file_doallocate
95 5 1 1 0 0 0 3 0 0
110 8 0 0 3 0 0 1 1 1
112 4 0 0 1 0 0 0 0 0
123 3 1 1 1 1 1 0 0 0
127 3 0 0 0 0 0 1 0 0
128 2 0 0 0 0 0 0 0 0
129 1 0 0 0 0 0 0 0 0
130 4 0 0 0 0 0 1 0 0
131 1 0 0 0 0 0 0 0 0
132 5 1 1 4 0 0 0 0 0
fl=/build/glibc-Cl5G7W/glibc-2.23/libio/fileops.c
fn=_IO_do_write@@GLIBC_2.2.5
494 3 1 1 0 0 0 0 0 0
495 1 0 0 1 0 0 0 0 0
fn=_IO_file_overflow@@GLIBC_2.2.5
807 5 1 1 0 0 0 3 0 0
808 3 1 1 1 0 0 0 0 0
815 2 0 0 0 0 0 0 0 0
818 2 1 1 1 0 0 0 0 0
820 2 1 1 0 0 0 1 0 0
821 6 1 1 2 0 0 3 0 0
830 2 0 0 0 0 0 0 0 0
839 4 1 1 2 0 0 0 0 0
841 1 0 0 0 0 0 1 0 0
842 2 0 0 0 0 0 1 0 0
843 1 0 0 0 0 0 1 0 0
844 2 0 0 0 0 0 2 0 0
846 3 0 0 0 0 0 1 0 0
847 5 0 0 1 0 0 0 0 0
850 2 0 0 0 0 0 0 0 0
851 3 1 1 0 0 0 0 0 0
863 3 0 0 3 0 0 0 0 0
fn=_IO_file_stat
1229 1 1 1 0 0 0 0 0 0
1230 3 0 0 1 0 0 0 0 0
fn=_IO_file_xsputn@@GLIBC_2.2.5
1280 80 1 1 0 0 0 48 0 0
1286 16 0 0 0 0 0 0 0 0
1287 8 1 1 0 0 0 0 0 0
1293 32 0 0 8 0 0 0 0 0
1310 32 0 0 16 2 2 0 0 0
1311 7 0 0 0 0 0 0 0 0
1314 28 0 0 0 0 0 0 0 0
1319 35 0 0 0 0 0 14 1 1
1324 7 0 0 0 0 0 0 0 0
1325 21 0 0 0 0 0 0 0 0
1327 14 0 0 0 0 0 0 0 0
1331 7 2 2 2 1 1 1 1 1
1337 2 0 0 2 0 0 0 0 0
1338 7 1 1 0 0 0 0 0 0
1340 3 0 0 0 0 0 0 0 0
1351 2 0 0 0 0 0 0 0 0
1352 6 1 1 0 0 0 1 0 0
1354 16 0 0 0 0 0 0 0 0
1355 64 0 0 56 0 0 0 0 0
fl=/build/glibc-Cl5G7W/glibc-2.23/libio/genops.c
fn=_IO_default_xsputn
422 10 1 1 0 0 0 5 0 0
425 2 1 1 0 0 0 0 0 0
430 4 0 0 2 0 0 0 0 0
432 3 0 0 0 0 0 0 0 0
435 2 0 0 0 0 0 0 0 0
445 3 0 0 0 0 0 0 0 0
449 20 0 0 0 0 0 0 0 0
450 30 1 1 10 0 0 10 0 0
451 3 0 0 0 0 0 1 0 0
453 1 0 0 0 0 0 0 0 0
455 2 0 0 0 0 0 0 0 0
459 2 1 1 0 0 0 0 0 0
460 6 0 0 6 0 0 0 0 0
fn=_IO_doallocbuf
394 3 0 0 0 0 0 3 0 0
395 2 1 1 1 0 0 0 0 0
397 4 0 0 1 0 0 0 0 0
398 5 1 1 2 1 1 1 1 1
401 4 0 0 4 0 0 0 0 0
fn=_IO_setb
380 3 1 1 0 0 0 1 0 0
381 4 0 0 2 0 0 0 0 0
383 1 0 0 0 0 0 1 0 0
384 1 0 0 0 0 0 1 0 0
386 6 0 0 0 0 0 1 0 0
389 3 0 0 2 0 0 0 0 0
fl=/build/glibc-Cl5G7W/glibc-2.23/malloc/arena.c
fn=malloc_hook_ini
260 3 0 0 1 1 1 0 0 0
fn=ptmalloc_init.part.5
221 297 0 0 99 13 0 0 0 0
223 196 0 0 98 57 0 0 0 0
224 6 0 0 3 0 0 0 0 0
225 4 0 0 2 0 0 0 0 0
239 98 0 0 0 0 0 0 0 0
258 6 1 1 0 0 0 5 0 0
263 1 0 0 0 0 0 1 0 0
271 2 1 1 1 0 0 0 0 0
272 7 2 2 0 0 0 1 0 0
273 4 0 0 2 1 0 0 0 0
277 3 0 0 1 1 0 1 1 0
279 5 0 0 2 2 0 0 0 0
295 2 1 1 0 0 0 0 0 0
340 2 1 1 0 0 0 0 0 0
346 2 0 0 2 1 1 0 0 0
347 2 0 0 0 0 0 0 0 0
349 1 0 0 0 0 0 1 1 0
350 7 0 0 6 1 0 0 0 0
fn=sysmalloc
488 3 0 0 0 0 0 1 0 0
fl=/build/glibc-Cl5G7W/glibc-2.23/malloc/hooks.c
fn=malloc_hook_ini
29 4 1 1 0 0 0 2 0 0
30 2 1 1 1 0 0 1 0 0
33 4 0 0 3 1 0 0 0 0
fl=/build/glibc-Cl5G7W/glibc-2.23/malloc/malloc.c
fn=_int_malloc
1879 15 1 1 4 0 0 0 0 0
3319 28 0 0 0 0 0 24 1 1
3349 40 1 1 0 0 0 0 0 0
3353 12 1 1 0 0 0 4 1 1
3367 8 0 0 4 4 4 0 0 0
3404 8 1 1 0 0 0 0 0 0
3448 68 5 5 0 0 0 4 0 0
3449 8 0 0 4 0 0 0 0 0
3450 2 0 0 0 0 0 1 0 0
3469 20 1 1 4 3 3 0 0 0
3603 8 1 1 0 0 0 0 0 0
3605 16 1 1 4 0 0 0 0 0
3608 16 0 0 4 3 3 0 0 0
3676 8 0 0 4 0 0 0 0 0
3677 8 1 1 0 0 0 0 0 0
3678 8 0 0 0 0 0 0 0 0
3679 8 0 0 4 4 3 0 0 0
3680 8 0 0 0 0 0 0 0 0
3685 8 0 0 0 0 0 0 0 0
3689 12 1 1 0 0 0 0 0 0
3792 4 1 1 4 3 3 0 0 0
3793 8 0 0 4 1 1 0 0 0
3795 12 0 0 0 0 0 0 0 0
3797 1 0 0 0 0 0 0 0 0
3798 1 0 0 0 0 0 0 0 0
3799 1 0 0 0 0 0 1 0 0
3800 8 2 2 0 0 0 1 0 0
3802 2 0 0 0 0 0 1 1 1
3805 1 0 0 0 0 0 0 0 0
3812 6 0 0 3 0 0 0 0 0
3817 12 0 0 0 0 0 4 0 0
3819 104 2 2 0 0 0 40 1 1
3827 9 2 2 0 0 0 3 0 0
3828 6 0 0 0 0 0 0 0 0
3833 36 2 2 28 0 0 0 0 0
5002 12 0 0 0 0 0 8 0 0
5004 16 0 0 0 0 0 4 0 0
fn=free
2833 3 0 0 1 0 0 0 0 0
2834 1 0 0 0 0 0 0 0 0
2840 7 0 0 2 1 1 0 0 0
2847 1 0 0 2 0 0 0 0 0
2848 3 1 1 2 0 0 0 0 0
2853 2 0 0 0 0 0 1 0 0
2934 5 1 1 0 0 0 4 0 0
2939 2 1 1 2 2 2 0 0 0
2940 2 0 0 0 0 0 0 0 0
2946 2 0 0 0 0 0 0 0 0
2949 1 0 0 0 0 0 0 0 0
2951 3 0 0 1 1 1 0 0 0
2954 3 1 1 1 1 1 0 0 0
2956 4 0 0 1 1 1 0 0 0
2958 2 0 0 0 0 0 1 0 0
2959 2 1 1 0 0 0 1 0 0
2960 2 0 0 0 0 0 0 0 0
2969 6 0 0 5 0 0 0 0 0
fn=malloc
2902 12 1 1 0 0 0 8 1 1
2907 8 0 0 8 6 5 0 0 0
2908 8 1 1 0 0 0 0 0 0
2909 2 1 1 1 0 0 0 0 0
2911 42 1 1 15 6 6 0 0 0
2913 12 1 1 0 0 0 3 0 0
2916 6 0 0 0 0 0 0 0 0
2924 12 0 0 6 0 0 0 0 0
2926 28 1 1 3 0 0 0 0 0
2929 15 0 0 11 0 0 0 0 0
fn=malloc_consolidate
1805 254 0 0 0 0 0 0 0 0
1808 381 0 0 0 0 0 254 32 32
1812 3 1 1 0 0 0 0 0 0
1816 3 1 1 1 0 0 1 0 0
1817 3 0 0 1 0 0 1 0 0
1819 1 0 0 0 0 0 1 1 1
4144 2 1 1 1 0 0 0 0 0
4996 4 1 1 0 0 0 0 0 0
fn=malloc_hook_ini
2908 2 0 0 0 0 0 0 0 0
2911 13 2 2 5 1 0 0 0 0
2913 4 1 1 0 0 0 1 0 0
2916 2 0 0 0 0 0 0 0 0
2923 2 1 1 1 1 0 1 0 0
2924 4 0 0 2 0 0 0 0 0
2926 6 1 1 1 0 0 0 0 0
fn=sysmalloc
2268 24 1 1 0 0 0 18 2 1
2288 6 0 0 6 2 0 0 0 0
2299 6 0 0 0 0 0 0 0 0
2300 11 1 1 3 2 2 1 1 1
2301 6 2 2 4 2 2 0 0 0
2315 13 0 0 0 0 0 2 0 0
2321 5 1 1 0 0 0 0 0 0
2323 14 1 1 0 0 0 2 1 0
2325 4 1 1 0 0 0 0 0 0
2340 6 1 1 0 0 0 0 0 0
2355 6 1 1 0 0 0 2 2 2
2360 6 0 0 4 0 0 0 0 0
2361 10 0 0 4 0 0 0 0 0
2364 6 0 0 4 0 0 0 0 0
2365 10 1 1 4 0 0 0 0 0
2380 1 0 0 1 0 0 0 0 0
2381 3 0 0 1 0 0 0 0 0
2382 1 1 1 0 0 0 0 0 0
2391 6 0 0 1 0 0 0 0 0
2397 4 0 0 0 0 0 1 1 1
2400 3 0 0 0 0 0 0 0 0
2455 4 0 0 1 0 0 0 0 0
2463 2 0 0 1 0 0 0 0 0
2464 1 0 0 0 0 0 0 0 0
2474 6 1 1 0 0 0 2 0 0
2482 2 0 0 0 0 0 0 0 0
2484 6 1 1 2 1 1 3 0 0
2485 1 0 0 0 0 0 0 0 0
2488 4 1 1 2 0 0 0 0 0
2491 2 0 0 2 1 1 0 0 0
2492 2 0 0 0 0 0 0 0 0
2512 2 0 0 0 0 0 0 0 0
2538 2 0 0 1 1 1 0 0 0
2539 5 1 1 0 0 0 2 0 0
2540 3 0 0 1 0 0 1 0 0
2546 2 1 1 0 0 0 0 0 0
2549 7 2 2 1 0 0 0 0 0
2586 2 0 0 0 0 0 0 0 0
2592 3 0 0 0 0 0 0 0 0
2611 1 0 0 0 0 0 0 0 0
2614 2 0 0 0 0 0 0 0 0
2615 6 1 1 2 0 0 0 0 0
2617 2 0 0 0 0 0 0 0 0
2618 3 0 0 2 0 0 1 0 0
2630 2 0 0 0 0 0 0 0 0
2638 3 1 1 3 0 0 0 0 0
2639 3 0 0 1 0 0 0 0 0
2677 1 0 0 0 0 0 1 0 0
2678 5 0 0 0 0 0 1 1 1
2679 2 0 0 0 0 0 1 0 0
2690 2 0 0 0 0 0 0 0 0
2723 2 1 1 1 0 0 0 0 0
2724 1 0 0 0 0 0 1 0 0
2732 4 0 0 2 0 0 0 0 0
2734 1 0 0 0 0 0 0 0 0
2735 1 0 0 0 0 0 0 0 0
2736 1 0 0 0 0 0 1 0 0
2737 8 0 0 0 0 0 1 0 0
2738 2 0 0 0 0 0 1 1 1
2740 1 0 0 0 0 0 0 0 0
2746 27 1 1 21 0 0 0 0 0
fl=/build/glibc-Cl5G7W/glibc-2.23/malloc/morecore.c
fn=__default_morecore
46 2 1 1 0 0 0 0 0 0
47 2 0 0 0 0 0 2 0 0
48 6 0 0 0 0 0 0 0 0
52 4 0 0 2 0 0 0 0 0
fl=/build/glibc-Cl5G7W/glibc-2.23/misc/../sysdeps/unix/syscall-template.S
fn=mprotect
84 24 1 1 0 0 0 0 0 0
85 6 0 0 6 0 0 0 0 0
fn=munmap
84 8 2 2 0 0 0 0 0 0
85 2 0 0 2 0 0 0 0 0
fl=/build/glibc-Cl5G7W/glibc-2.23/misc/../sysdeps/unix/sysv/linux/wordsize-64/mmap.c
fn=mmap
32 110 0 0 0 0 0 66 3 2
33 64 4 4 2 0 0 0 0 0
34 110 0 0 0 0 0 0 0 0
36 77 0 0 77 0 0 0 0 0
fl=/build/glibc-Cl5G7W/glibc-2.23/misc/../sysdeps/unix/sysv/linux/x86_64/brk.c
fn=brk
31 16 1 1 2 0 0 2 0 0
33 4 0 0 0 0 0 0 0 0
39 2 0 0 0 0 0 0 0 0
40 2 0 0 2 0 0 0 0 0
fl=/build/glibc-Cl5G7W/glibc-2.23/misc/init-misc.c
fn=__init_misc
30 3 0 0 0 0 0 2 0 0
31 6 1 1 1 0 0 0 0 0
33 3 0 0 0 0 0 1 0 0
37 5 1 1 1 1 0 1 0 0
38 3 0 0 2 1 0 1 0 0
40 4 0 0 3 0 0 0 0 0
fl=/build/glibc-Cl5G7W/glibc-2.23/misc/sbrk.c
fn=sbrk
34 8 1 1 0 0 0 6 0 0
42 11 0 0 5 2 2 0 0 0
43 6 1 1 1 0 0 1 1 1
46 4 0 0 0 0 0 0 0 0
50 6 0 0 0 0 0 0 0 0
58 4 0 0 0 0 0 1 0 0
62 10 1 1 8 0 0 0 0 0
fl=/build/glibc-Cl5G7W/glibc-2.23/posix/../sysdeps/unix/syscall-template.S
fn=uname
84 4 1 1 0 0 0 0 0 0
85 1 0 0 1 0 0 0 0 0
fl=/build/glibc-Cl5G7W/glibc-2.23/setjmp/../sysdeps/x86_64/bsd-_setjmp.S
fn=_setjmp
30 1 1 1 0 0 0 0 0 0
32 1 0 0 0 0 0 0 0 0
fl=/build/glibc-Cl5G7W/glibc-2.23/setjmp/../sysdeps/x86_64/setjmp.S
fn=__sigsetjmp
26 4 2 2 0 0 0 4 0 0
35 4 0 0 0 0 0 0 0 0
36 8 1 1 4 0 0 0 0 0
37 4 0 0 0 0 0 4 0 0
41 4 0 0 0 0 0 4 1 1
42 4 0 0 0 0 0 4 0 0
43 4 0 0 0 0 0 4 0 0
44 4 0 0 0 0 0 4 0 0
45 4 0 0 0 0 0 0 0 0
47 8 1 1 4 0 0 0 0 0
49 4 0 0 0 0 0 4 0 0
50 4 0 0 4 0 0 0 0 0
51 4 0 0 0 0 0 0 0 0
53 8 0 0 4 0 0 0 0 0
55 4 1 1 0 0 0 4 0 0
59 3 0 0 0 0 0 0 0 0
60 3 0 0 3 0 0 0 0 0
64 1 0 0 0 0 0 0 0 0
fl=/build/glibc-Cl5G7W/glibc-2.23/setjmp/sigjmp.c
fn=__sigjmp_save
28 3 0 0 0 0 0 1 0 0
29 3 0 0 0 0 0 1 0 0
34 3 0 0 2 0 0 0 0 0
fl=/build/glibc-Cl5G7W/glibc-2.23/stdio-common/../include/../locale/localeinfo.h
fn=__printf_fp_l
306 3 0 0 2 2 2 1 0 0
fl=/build/glibc-Cl5G7W/glibc-2.23/stdio-common/../include/rounding-mode.h
fn=__printf_fp_l
52 4 0 0 1 0 0 0 0 0
fl=/build/glibc-Cl5G7W/glibc-2.23/stdio-common/../sysdeps/generic/get-rounding-mode.h
fn=__printf_fp_l
94 1 0 0 0 0 0 1 0 0
95 7 2 2 1 0 0 0 0 0
fl=/build/glibc-Cl5G7W/glibc-2.23/stdio-common/../sysdeps/pthread/allocalim.h
fn=__printf_fp_l
29 2 0 0 0 0 0 0 0 0
fl=/build/glibc-Cl5G7W/glibc-2.23/stdio-common/_itoa.c
fn=_itoa_word
168 8 2 2 0 0 0 0 0 0
170 4 0 0 0 0 0 0 0 0
179 112 1 1 9 2 2 9 0 0
188 4 0 0 2 0 0 0 0 0
fl=/build/glibc-Cl5G7W/glibc-2.23/stdio-common/printf-parse.h
fn=vfprintf
108 30 0 0 0 0 0 15 2 2
fl=/build/glibc-Cl5G7W/glibc-2.23/stdio-common/printf.c
fn=printf
28 32 1 1 0 0 0 23 1 1
32 18 2 2 0 0 0 12 0 0
33 15 0 0 6 4 4 3 0 0
37 6 0 0 3 0 0 0 0 0
fl=/build/glibc-Cl5G7W/glibc-2.23/stdio-common/printf_fp.c
fn=__printf_fp
1256 1 0 0 0 0 0 0 0 0
1257 5 1 1 2 1 1 0 0 0
fn=__printf_fp_l
172 75 2 2 18 0 0 6 0 0
174 9 0 0 3 0 0 0 0 0
176 12 1 1 9 0 0 0 0 0
177 27 1 1 0 0 0 6 0 0
215 11 1 1 0 0 0 7 1 1
245 1 0 0 0 0 0 1 0 0
248 1 1 1 0 0 0 0 0 0
254 6 0 0 1 0 0 1 0 0
261 1 1 1 0 0 0 1 0 0
264 2 0 0 0 0 0 0 0 0
267 2 0 0 1 0 0 1 0 0
285 3 1 1 1 0 0 0 0 0
316 2 0 0 0 0 0 2 0 0
318 1 0 0 0 0 0 1 0 0
332 2 0 0 0 0 0 0 0 0
334 1 0 0 1 0 0 0 0 0
378 1 1 1 1 0 0 0 0 0
381 2 0 0 0 0 0 0 0 0
395 4 0 0 2 2 2 0 0 0
411 9 1 1 0 0 0 3 2 2
415 3 0 0 0 0 0 0 0 0
435 12 2 2 0 0 0 0 0 0
451 1 0 0 1 0 0 0 0 0
454 9 1 1 0 0 0 0 0 0
455 7 0 0 0 0 0 1 0 0
456 4 1 1 0 0 0 1 0 0
457 4 0 0 0 0 0 1 0 0
463 1 0 0 0 0 0 1 0 0
464 2 0 0 0 0 0 0 0 0
568 1 1 1 0 0 0 0 0 0
638 2 0 0 0 0 0 0 0 0
641 1 0 0 0 0 0 1 0 0
642 1 0 0 0 0 0 0 0 0
643 1 0 0 0 0 0 0 0 0
646 4 1 1 0 0 0 1 1 1
647 5 0 0 2 0 0 2 0 0
650 1 0 0 0 0 0 1 0 0
651 3 0 0 1 0 0 1 0 0
656 11 0 0 0 0 0 0 0 0
658 22 0 0 11 4 4 0 0 0
665 5 0 0 2 1 1 0 0 0
666 2 0 0 1 0 0 0 0 0
671 9 1 1 2 0 0 3 0 0
674 3 1 1 2 0 0 0 0 0
675 2 0 0 0 0 0 0 0 0
676 3 1 1 0 0 0 1 0 0
678 6 0 0 2 0 0 0 0 0
679 8 1 1 0 0 0 0 0 0
687 4 0 0 1 0 0 0 0 0
699 3 1 1 0 0 0 1 0 0
709 3 0 0 0 0 0 0 0 0
717 2 0 0 0 0 0 1 0 0
718 4 1 1 1 0 0 0 0 0
723 4 0 0 0 0 0 0 0 0
726 3 0 0 1 0 0 0 0 0
727 2 1 1 0 0 0 0 0 0
734 2 1 1 0 0 0 0 0 0
737 4 0 0 0 0 0 0 0 0
750 3 0 0 0 0 0 0 0 0
760 2 0 0 1 0 0 1 0 0
763 5 0 0 2 0 0 1 0 0
770 46 2 2 2 0 0 0 0 0
794 3 0 0 1 0 0 1 0 0
812 2 0 0 1 0 0 1 0 0
816 1 0 0 0 0 0 1 0 0
821 1 1 1 0 0 0 1 0 0
822 6 1 1 4 2 2 1 0 0
824 2 0 0 0 0 0 0 0 0
834 2 0 0 1 0 0 0 0 0
836 1 0 0 0 0 0 1 0 0
837 10 3 3 2 0 0 3 0 0
838 1 0 0 0 0 0 1 0 0
839 1 0 0 0 0 0 1 0 0
840 3 0 0 1 0 0 0 0 0
848 1 0 0 0 0 0 1 0 0
849 3 1 1 0 0 0 1 0 0
882 3 1 1 1 0 0 0 0 0
896 7 1 1 2 0 0 0 0 0
903 1 0 0 0 0 0 0 0 0
913 7 1 1 0 0 0 2 0 0
914 2 0 0 0 0 0 1 0 0
917 5 0 0 2 0 0 0 0 0
929 1 1 1 1 0 0 0 0 0
935 2 2 2 1 0 0 1 0 0
936 1 0 0 1 0 0 0 0 0
937 4 0 0 1 0 0 1 0 0
941 3 0 0 1 0 0 1 0 0
942 7 1 1 0 0 0 3 0 0
943 28 0 0 7 0 0 0 0 0
944 5 0 0 2 0 0 0 0 0
946 6 0 0 0 0 0 0 0 0
947 6 1 1 0 0 0 6 0 0
948 6 0 0 0 0 0 0 0 0
950 12 0 0 0 0 0 0 0 0
959 5 0 0 3 0 0 0 0 0
960 3 1 1 1 0 0 2 0 0
962 5 0 0 1 0 0 0 0 0
963 1 0 0 0 0 0 0 0 0
967 7 1 1 4 0 0 1 0 0
1078 4 1 1 0 0 0 0 0 0
1085 2 0 0 0 0 0 0 0 0
1088 2 0 0 1 0 0 0 0 0
1101 3 2 2 1 0 0 0 0 0
1147 6 1 1 2 0 0 0 0 0
1149 7 1 1 2 0 0 1 0 0
1151 5 0 0 1 0 0 0 0 0
1154 2 0 0 0 0 0 0 0 0
1156 3 1 1 1 0 0 0 0 0
1157 1 1 1 0 0 0 0 0 0
1158 2 2 2 0 0 0 0 0 0
1159 4 1 1 1 0 0 0 0 0
1161 4 1 1 1 0 0 0 0 0
1170 3 1 1 1 0 0 0 0 0
1177 4 0 0 1 0 0 1 0 0
1180 1 0 0 0 0 0 0 0 0
1182 3 1 1 1 0 0 2 0 0
1184 3 0 0 1 0 0 0 0 0
1185 2 0 0 0 0 0 1 0 0
1189 5 1 1 2 0 0 1 0 0
1191 3 0 0 1 0 0 0 0 0
1202 6 1 1 0 0 0 0 0 0
1209 37 2 2 3 0 0 3 0 0
1210 24 0 0 8 0 0 0 0 0
1211 5 1 1 2 0 0 1 0 0
1212 14 0 0 0 0 0 0 0 0
1215 14 0 0 0 0 0 7 0 0
1219 2 0 0 1 0 0 0 0 0
1236 100 2 2 24 0 0 17 1 1
1239 3 1 1 1 0 0 0 0 0
1246 2 1 1 1 0 0 0 0 0
1250 9 1 1 7 0 0 0 0 0
fn=hack_digit
169 3 1 1 0 0 0 2 0 0
172 11 1 1 3 0 0 1 0 0
174 4 0 0 1 0 0 0 0 0
176 4 1 1 3 0 0 0 0 0
177 5 0 0 0 0 0 2 0 0
209 6 0 0 3 0 0 0 0 0
fl=/build/glibc-Cl5G7W/glibc-2.23/stdio-common/vfprintf.c
fn=vfprintf
1236 24 2 2 0 0 0 18 0 0
1267 9 0 0 6 3 3 3 2 2
1275 14 0 0 3 2 2 1 0 0
1279 15 0 0 3 2 2 0 0 0
1290 15 1 1 0 0 0 0 0 0
1301 18 1 1 9 0 0 9 1 1
1312 3 0 0 0 0 0 3 0 0
1316 30 2 2 9 2 2 6 0 0
1317 42 1 1 21 5 5 3 0 0
1320 45 2 2 9 2 2 6 0 0
1324 9 1 1 6 0 0 0 0 0
1328 36 3 3 9 2 2 15 2 2
1349 3 0 0 0 0 0 3 0 0
1350 3 1 1 0 0 0 3 0 0
1351 3 0 0 0 0 0 3 0 0
1352 3 0 0 0 0 0 3 0 0
1353 3 0 0 0 0 0 3 0 0
1354 3 0 0 0 0 0 3 0 0
1355 3 1 1 0 0 0 3 0 0
1356 3 0 0 0 0 0 3 0 0
1357 3 0 0 0 0 0 3 0 0
1358 3 0 0 0 0 0 3 0 0
1359 3 0 0 0 0 0 3 0 0
1362 3 0 0 0 0 0 3 0 0
1363 3 1 1 0 0 0 3 0 0
1366 3 0 0 0 0 0 0 0 0
1367 12 0 0 3 0 0 3 0 0
1370 48 1 1 9 4 4 3 0 0
1531 6 0 0 0 0 0 3 2 2
1552 6 0 0 0 0 0 3 2 2
1603 3 0 0 0 0 0 3 0 0
1604 54 2 2 12 3 3 3 0 0
1631 330 28 28 114 0 0 62 0 0
1632 10 0 0 2 0 0 3 0 0
1649 3 1 1 3 0 0 0 0 0
1651 6 0 0 0 0 0 0 0 0
1659 12 1 1 3 0 0 6 0 0
1663 75 2 2 21 0 0 9 0 0
1665 9 0 0 3 0 0 0 0 0
1685 30 1 1 15 0 0 3 0 0
1686 6 0 0 0 0 0 0 0 0
1688 3 0 0 0 0 0 0 0 0
1689 24 0 0 21 0 0 0 0 0
fl=/build/glibc-Cl5G7W/glibc-2.23/stdlib/../stdlib/strtol.c
fn=strtol
106 12 1 1 6 0 0 0 0 0
fl=/build/glibc-Cl5G7W/glibc-2.23/stdlib/../stdlib/strtol_l.c
fn=____strtol_l_internal
227 27 1 1 0 0 0 18 0 0
247 3 1 1 0 0 0 0 0 0
253 6 0 0 0 0 0 0 0 0
274 3 1 1 0 0 0 0 0 0
275 3 0 0 0 0 0 0 0 0
284 12 0 0 0 0 0 0 0 0
293 18 0 0 9 2 1 0 0 0
295 6 1 1 0 0 0 0 0 0
299 3 0 0 0 0 0 3 0 0
300 6 0 0 0 0 0 0 0 0
305 6 0 0 0 0 0 0 0 0
309 6 0 0 0 0 0 0 0 0
319 6 0 0 0 0 0 0 0 0
326 6 1 1 0 0 0 0 0 0
329 9 1 1 0 0 0 3 0 0
348 12 2 2 0 0 0 3 0 0
371 3 0 0 0 0 0 0 0 0
433 24 1 1 12 0 0 0 0 0
435 63 0 0 3 0 0 0 0 0
437 36 0 0 0 0 0 0 0 0
451 15 1 1 3 0 0 6 0 0
454 3 0 0 3 1 0 0 0 0
455 12 0 0 3 0 0 0 0 0
465 36 1 1 0 0 0 0 0 0
468 48 0 0 12 0 0 0 0 0
473 18 0 0 0 0 0 3 0 0
474 48 1 1 0 0 0 0 0 0
479 6 0 0 0 0 0 0 0 0
484 6 0 0 0 0 0 0 0 0
490 6 0 0 0 0 0 0 0 0
491 9 2 2 0 0 0 0 0 0
493 9 1 1 3 0 0 0 0 0
508 6 1 1 0 0 0 0 0 0
526 24 1 1 21 0 0 0 0 0
fl=/build/glibc-Cl5G7W/glibc-2.23/stdlib/../sysdeps/ieee754/dbl-64/dbl2mpn.c
fn=__mpn_extract_double
33 1 0 0 0 0 0 0 0 0
37 3 1 1 0 0 0 1 0 0
38 5 0 0 0 0 0 1 0 0
47 3 1 1 0 0 0 1 0 0
56 3 0 0 0 0 0 0 0 0
103 3 1 1 0 0 0 1 0 0
107 2 0 0 1 0 0 0 0 0
fl=/build/glibc-Cl5G7W/glibc-2.23/stdlib/../sysdeps/x86_64/lshift.S
fn=__mpn_lshift
29 1 1 1 0 0 0 0 0 0
30 1 0 0 0 0 0 0 0 0
32 1 0 0 0 0 0 0 0 0
33 1 0 0 0 0 0 0 0 0
34 1 1 1 0 0 0 0 0 0
46 1 0 0 0 0 0 0 0 0
47 1 0 0 0 0 0 0 0 0
48 1 0 0 1 0 0 0 0 0
49 1 0 0 0 0 0 0 0 0
50 1 0 0 0 0 0 0 0 0
51 1 0 0 0 0 0 0 0 0
52 1 0 0 0 0 0 0 0 0
58 1 1 1 0 0 0 0 0 0
59 1 0 0 0 0 0 1 1 1
60 1 0 0 1 0 0 0 0 0
fl=/build/glibc-Cl5G7W/glibc-2.23/stdlib/../sysdeps/x86_64/mul_1.S
fn=__mpn_mul_1
32 5 1 1 0 0 0 5 0 0
35 5 0 0 0 0 0 0 0 0
36 5 0 0 5 0 0 0 0 0
37 5 0 0 0 0 0 0 0 0
38 5 0 0 0 0 0 0 0 0
39 5 0 0 0 0 0 0 0 0
41 5 0 0 0 0 0 0 0 0
42 5 0 0 0 0 0 0 0 0
44 5 0 0 0 0 0 0 0 0
45 5 0 0 0 0 0 0 0 0
46 5 0 0 0 0 0 0 0 0
47 5 1 1 0 0 0 0 0 0
48 4 0 0 0 0 0 0 0 0
50 4 0 0 0 0 0 0 0 0
51 4 0 0 0 0 0 0 0 0
52 4 0 0 0 0 0 4 0 0
53 4 0 0 0 0 0 0 0 0
79 1 1 1 0 0 0 0 0 0
80 1 0 0 0 0 0 0 0 0
81 1 0 0 0 0 0 0 0 0
82 1 0 0 0 0 0 0 0 0
83 1 0 0 0 0 0 0 0 0
84 1 0 0 0 0 0 0 0 0
85 1 0 0 1 0 0 0 0 0
86 1 0 0 0 0 0 0 0 0
87 1 0 0 0 0 0 0 0 0
113 1 1 1 0 0 0 0 0 0
114 1 0 0 0 0 0 0 0 0
115 1 0 0 0 0 0 0 0 0
117 1 0 0 0 0 0 1 1 1
118 1 0 0 0 0 0 0 0 0
119 1 0 0 0 0 0 0 0 0
120 1 0 0 0 0 0 1 0 0
121 1 0 0 0 0 0 0 0 0
122 5 0 0 0 0 0 0 0 0
124 5 0 0 5 0 0 0 0 0
127 5 0 0 5 0 0 0 0 0
fl=/build/glibc-Cl5G7W/glibc-2.23/stdlib/../sysdeps/x86_64/rshift.S
fn=__mpn_rshift
29 1 1 1 0 0 0 0 0 0
30 1 0 0 0 0 0 0 0 0
31 1 0 0 0 0 0 0 0 0
44 1 0 0 0 0 0 0 0 0
45 1 0 0 0 0 0 0 0 0
61 1 1 1 0 0 0 0 0 0
62 1 0 0 1 0 0 0 0 0
63 1 0 0 1 0 0 0 0 0
64 1 0 0 0 0 0 0 0 0
65 1 0 0 0 0 0 0 0 0
66 1 0 0 0 0 0 0 0 0
67 1 0 0 0 0 0 0 0 0
72 1 0 0 0 0 0 0 0 0
73 1 0 0 0 0 0 1 0 0
74 1 1 1 0 0 0 0 0 0
75 1 0 0 0 0 0 1 0 0
76 1 0 0 1 0 0 0 0 0
fl=/build/glibc-Cl5G7W/glibc-2.23/stdlib/atoi.c
fn=atoi
26 3 1 1 0 0 0 0 0 0
27 9 0 0 0 0 0 3 0 0
28 6 0 0 3 0 0 0 0 0
fl=/build/glibc-Cl5G7W/glibc-2.23/stdlib/cxa_atexit.c
fn=__cxa_atexit
35 2 0 0 0 0 0 1 0 0
37 2 0 0 0 0 0 0 0 0
41 3 0 0 1 0 0 0 0 0
43 1 0 0 0 0 0 1 0 0
44 1 0 0 0 0 0 1 0 0
45 1 0 0 0 0 0 1 0 0
47 1 1 1 0 0 0 1 0 0
48 1 0 0 0 0 0 0 0 0
57 6 1 1 0 0 0 3 0 0
59 4 0 0 4 0 0 0 0 0
fn=__new_exitfn
73 4 1 1 0 0 0 2 0 0
79 6 1 1 2 2 2 0 0 0
81 9 1 1 2 1 0 0 0 0
83 3 1 1 1 1 0 0 0 0
91 2 0 0 0 0 0 1 0 0
112 1 1 1 0 0 0 0 0 0
113 2 1 1 0 0 0 1 0 0
126 1 1 1 0 0 0 1 0 0
127 1 0 0 1 1 1 0 0 0
130 4 0 0 2 0 0 0 0 0
133 5 0 0 3 0 0 0 0 0
fl=/build/glibc-Cl5G7W/glibc-2.23/stdlib/mul.c
fn=__mpn_mul
48 13 2 2 0 0 0 9 1 1
54 2 0 0 0 0 0 0 0 0
66 2 0 0 0 0 0 0 0 0
67 1 0 0 0 0 0 0 0 0
71 1 0 0 1 1 1 0 0 0
72 2 0 0 0 0 0 0 0 0
81 1 0 0 0 0 0 1 1 1
83 3 0 0 1 0 0 1 0 0
84 1 1 1 0 0 0 0 0 0
88 2 0 0 0 0 0 0 0 0
142 8 1 1 7 0 0 0 0 0
fl=/build/glibc-Cl5G7W/glibc-2.23/stdlib/rand.c
fn=rand
26 2002000 1 1 0 0 0 0 0 0
27 2002000 0 0 0 0 0 2002000 0 0
28 4004000 0 0 2002000 0 0 0 0 0
fl=/build/glibc-Cl5G7W/glibc-2.23/stdlib/random.c
fn=random
288 2002000 1 1 0 0 0 0 0 0
291 12012000 0 0 4004000 2 2 0 0 0
293 6006000 1 1 0 0 0 2002000 0 0
295 8008000 0 0 4004000 0 0 0 0 0
297 2002000 1 1 2002000 0 0 0 0 0
298 4004000 0 0 2002000 0 0 0 0 0
fl=/build/glibc-Cl5G7W/glibc-2.23/stdlib/random_r.c
fn=random_r
357 8008000 1 1 0 0 0 0 0 0
360 5941420 1 1 2002000 0 0 0 0 0
362 6006000 0 0 2002000 2 1 0 0 0
371 2002000 0 0 2002000 0 0 0 0 0
372 2002000 0 0 2002000 0 0 0 0 0
373 2002000 0 0 2002000 2 1 0 0 0
376 6006000 0 0 4004000 6 5 2002000 0 0
378 4004000 0 0 0 0 0 2002000 0 0
379 2002000 0 0 0 0 0 0 0 0
380 4004000 0 0 0 0 0 0 0 0
383 2002000 0 0 0 0 0 0 0 0
391 2002000 0 0 0 0 0 2002000 0 0
392 3939420 0 0 1937420 0 0 2002000 0 0
394 2066580 0 0 64580 0 0 0 0 0
fl=/build/glibc-Cl5G7W/glibc-2.23/string/../bits/stdlib-bsearch.h
fn=intel_check_word
27 8 0 0 0 0 0 0 0 0
28 16 0 0 0 0 0 0 0 0
29 112 0 0 0 0 0 0 0 0
31 152 0 0 0 0 0 0 0 0
32 54 0 0 0 0 0 0 0 0
37 10 1 1 0 0 0 0 0 0
fl=/build/glibc-Cl5G7W/glibc-2.23/string/../sysdeps/x86_64/cacheinfo.c
fn=handle_intel
261 16 0 0 0 0 0 12 0 0
262 4 1 1 0 0 0 0 0 0
273 6 0 0 0 0 0 2 0 0
275 2 1 1 0 0 0 2 0 0
276 4 0 0 0 0 0 2 0 0
278 2 0 0 0 0 0 0 0 0
284 10 1 1 0 0 0 2 0 0
289 4 0 0 0 0 0 0 0 0
291 6 0 0 0 0 0 2 0 0
292 2 0 0 0 0 0 0 0 0
296 8 0 0 0 0 0 2 0 0
297 4 0 0 0 0 0 0 0 0
300 10 1 1 0 0 0 2 0 0
301 4 0 0 0 0 0 0 0 0
318 16 1 1 14 0 0 0 0 0
fn=init_cacheinfo
482 5 1 1 0 0 0 5 0 0
494 4 0 0 2 0 0 0 0 0
496 5 0 0 1 0 0 1 0 0
499 1 0 0 0 0 0 0 0 0
500 4 1 1 0 0 0 1 0 0
502 2 0 0 0 0 0 0 0 0
511 2 0 0 0 0 0 0 0 0
513 1 0 0 1 0 0 0 0 0
514 1 0 0 1 0 0 0 0 0
516 1 0 0 0 0 0 0 0 0
521 18 1 1 0 0 0 0 0 0
527 8 0 0 0 0 0 0 0 0
530 20 0 0 0 0 0 0 0 0
532 1 1 1 0 0 0 0 0 0
538 6 0 0 0 0 0 0 0 0
545 11 1 1 0 0 0 0 0 0
547 2 0 0 0 0 0 0 0 0
548 2 0 0 0 0 0 0 0 0
549 8 0 0 0 0 0 0 0 0
551 4 0 0 0 0 0 0 0 0
556 1 0 0 0 0 0 0 0 0
558 3 0 0 0 0 0 0 0 0
559 4 0 0 0 0 0 0 0 0
564 2 0 0 0 0 0 0 0 0
565 6 1 1 0 0 0 0 0 0
596 4 0 0 0 0 0 0 0 0
597 5 0 0 0 0 0 0 0 0
652 2 0 0 0 0 0 0 0 0
654 3 1 1 0 0 0 1 0 0
655 1 0 0 0 0 0 1 1 1
657 1 0 0 0 0 0 0 0 0
658 3 0 0 0 0 0 1 0 0
659 1 0 0 0 0 0 1 0 0
662 2 0 0 0 0 0 0 0 0
664 3 0 0 0 0 0 1 0 0
665 1 0 0 0 0 0 1 0 0
667 1 1 1 0 0 0 0 0 0
668 3 0 0 0 0 0 1 0 0
669 1 0 0 0 0 0 1 0 0
671 6 0 0 6 0 0 0 0 0
fn=intel_check_word
121 108 0 0 54 6 6 0 0 0
124 54 1 1 0 0 0 0 0 0
132 24 0 0 0 0 0 16 0 0
133 8 1 1 0 0 0 0 0 0
135 2 0 0 0 0 0 0 0 0
139 28 1 1 0 0 0 0 0 0
141 24 0 0 0 0 0 0 0 0
143 10 0 0 0 0 0 0 0 0
145 20 0 0 0 0 0 0 0 0
153 20 1 1 0 0 0 0 0 0
165 17 1 1 0 0 0 0 0 0
168 15 0 0 0 0 0 0 0 0
172 10 1 1 0 0 0 0 0 0
174 10 0 0 0 0 0 0 0 0
175 26 0 0 0 0 0 0 0 0
177 21 0 0 0 0 0 0 0 0
178 10 0 0 0 0 0 0 0 0
179 10 0 0 0 0 0 0 0 0
180 6 0 0 0 0 0 0 0 0
182 2 1 1 0 0 0 0 0 0
184 4 0 0 0 0 0 0 0 0
186 32 2 2 0 0 0 0 0 0
197 3 0 0 0 0 0 0 0 0
204 16 0 0 0 0 0 0 0 0
209 8 0 0 4 0 0 0 0 0
212 24 0 0 8 0 0 0 0 0
226 8 0 0 0 0 0 0 0 0
251 8 0 0 0 0 0 0 0 0
256 24 0 0 20 0 0 0 0 0
fl=/build/glibc-Cl5G7W/glibc-2.23/string/../sysdeps/x86_64/memcpy.S
fn=__GI_mempcpy
61 8 1 1 0 0 0 0 0 0
65 8 0 0 0 0 0 0 0 0
68 8 0 0 0 0 0 0 0 0
69 8 0 0 0 0 0 0 0 0
71 6 0 0 6 0 0 0 0 0
72 6 0 0 0 0 0 6 0 0
74 6 1 1 0 0 0 0 0 0
75 6 0 0 0 0 0 0 0 0
80 8 0 0 0 0 0 0 0 0
81 8 0 0 0 0 0 0 0 0
83 4 0 0 4 0 0 0 0 0
84 4 0 0 0 0 0 4 1 1
86 4 0 0 0 0 0 0 0 0
87 4 0 0 0 0 0 0 0 0
92 8 0 0 0 0 0 0 0 0
93 8 0 0 0 0 0 0 0 0
95 4 0 0 4 0 0 0 0 0
96 4 0 0 0 0 0 4 0 0
98 4 0 0 0 0 0 0 0 0
99 4 0 0 0 0 0 0 0 0
104 8 0 0 0 0 0 0 0 0
105 8 0 0 0 0 0 0 0 0
107 1 0 0 1 0 0 0 0 0
108 1 0 0 0 0 0 1 0 0
110 1 0 0 0 0 0 0 0 0
111 2 0 0 0 0 0 0 0 0
116 8 1 1 0 0 0 0 0 0
117 8 0 0 0 0 0 0 0 0
138 8 0 0 0 0 0 0 0 0
142 8 0 0 8 0 0 0 0 0
fn=mempcpy
61 117 1 1 0 0 0 0 0 0
65 117 0 0 0 0 0 0 0 0
68 116 0 0 0 0 0 0 0 0
69 116 0 0 0 0 0 0 0 0
71 31 0 0 31 2 2 0 0 0
72 31 0 0 0 0 0 31 1 1
74 31 1 1 0 0 0 0 0 0
75 31 0 0 0 0 0 0 0 0
80 116 0 0 0 0 0 0 0 0
81 116 0 0 0 0 0 0 0 0
83 79 0 0 79 0 0 0 0 0
84 79 0 0 0 0 0 79 1 1
86 79 0 0 0 0 0 0 0 0
87 79 0 0 0 0 0 0 0 0
92 116 0 0 0 0 0 0 0 0
93 116 0 0 0 0 0 0 0 0
95 34 0 0 34 0 0 0 0 0
96 34 0 0 0 0 0 34 0 0
98 34 0 0 0 0 0 0 0 0
99 34 0 0 0 0 0 0 0 0
104 116 0 0 0 0 0 0 0 0
105 116 0 0 0 0 0 0 0 0
107 67 0 0 67 0 0 0 0 0
108 67 0 0 0 0 0 67 1 1
110 67 0 0 0 0 0 0 0 0
111 134 0 0 0 0 0 0 0 0
116 116 1 1 0 0 0 0 0 0
117 130 0 0 0 0 0 0 0 0
122 14 0 0 14 0 0 0 0 0
123 14 0 0 14 0 0 0 0 0
124 14 0 0 0 0 0 14 2 2
125 14 0 0 0 0 0 14 0 0
127 14 0 0 0 0 0 0 0 0
129 14 0 0 0 0 0 0 0 0
130 14 0 0 0 0 0 0 0 0
132 14 0 0 0 0 0 0 0 0
138 116 0 0 0 0 0 0 0 0
142 116 0 0 116 0 0 0 0 0
154 24 0 0 0 0 0 0 0 0
156 24 0 0 0 0 0 0 0 0
157 24 0 0 0 0 0 0 0 0
183 24 1 1 0 0 0 0 0 0
184 24 0 0 0 0 0 0 0 0
187 24 0 0 0 0 0 0 0 0
188 24 0 0 0 0 0 0 0 0
189 24 0 0 0 0 0 0 0 0
194 24 0 0 0 0 0 0 0 0
196 24 0 0 24 0 0 0 0 0
197 24 0 0 24 0 0 0 0 0
198 24 0 0 24 0 0 0 0 0
199 24 1 1 24 0 0 0 0 0
201 24 0 0 0 0 0 24 7 7
202 24 0 0 0 0 0 24 2 2
203 24 0 0 0 0 0 24 4 4
204 24 0 0 0 0 0 24 0 0
206 24 0 0 0 0 0 0 0 0
207 24 0 0 0 0 0 0 0 0
209 24 0 0 0 0 0 0 0 0
211 18 0 0 0 0 0 0 0 0
213 18 0 0 18 0 0 0 0 0
214 18 0 0 18 0 0 0 0 0
215 18 0 0 18 0 0 0 0 0
216 18 0 0 18 0 0 0 0 0
218 18 0 0 0 0 0 18 1 1
219 18 0 0 0 0 0 18 2 2
220 18 0 0 0 0 0 18 1 1
221 18 0 0 0 0 0 18 1 1
223 18 0 0 0 0 0 0 0 0
224 18 0 0 0 0 0 0 0 0
226 54 0 0 0 0 0 0 0 0
231 24 1 1 0 0 0 0 0 0
233 24 0 0 0 0 0 0 0 0
235 1 0 0 0 0 0 0 0 0
242 1 0 0 1 0 0 0 0 0
fl=/build/glibc-Cl5G7W/glibc-2.23/string/../sysdeps/x86_64/multiarch/../memcmp.S
fn=bcmp
24 17 1 1 0 0 0 0 0 0
25 17 0 0 0 0 0 0 0 0
26 17 0 0 0 0 0 0 0 0
27 17 0 0 0 0 0 0 0 0
28 17 0 0 0 0 0 0 0 0
29 17 0 0 0 0 0 0 0 0
30 17 0 0 0 0 0 0 0 0
31 17 1 1 0 0 0 0 0 0
34 15 0 0 0 0 0 0 0 0
35 15 0 0 0 0 0 0 0 0
36 5 0 0 5 1 1 0 0 0
37 5 0 0 5 3 3 0 0 0
38 5 0 0 0 0 0 0 0 0
39 5 0 0 0 0 0 0 0 0
40 5 0 0 0 0 0 0 0 0
41 5 0 0 0 0 0 0 0 0
42 5 0 0 0 0 0 0 0 0
44 14 0 0 0 0 0 0 0 0
45 14 0 0 0 0 0 0 0 0
46 5 0 0 5 0 0 0 0 0
47 5 0 0 5 0 0 0 0 0
48 5 0 0 0 0 0 0 0 0
49 5 0 0 0 0 0 0 0 0
50 5 0 0 0 0 0 0 0 0
51 5 0 0 0 0 0 0 0 0
52 5 0 0 0 0 0 0 0 0
54 14 1 1 0 0 0 0 0 0
55 14 0 0 0 0 0 0 0 0
56 5 0 0 5 1 1 0 0 0
57 5 0 0 5 1 1 0 0 0
58 5 0 0 0 0 0 0 0 0
59 5 0 0 0 0 0 0 0 0
60 2 0 0 0 0 0 0 0 0
61 2 0 0 0 0 0 0 0 0
62 2 0 0 0 0 0 0 0 0
64 11 0 0 0 0 0 0 0 0
65 11 0 0 0 0 0 0 0 0
66 6 0 0 6 0 0 0 0 0
67 6 0 0 6 2 2 0 0 0
68 6 0 0 0 0 0 0 0 0
69 6 0 0 0 0 0 0 0 0
70 1 0 0 0 0 0 0 0 0
71 1 0 0 0 0 0 0 0 0
72 1 0 0 0 0 0 0 0 0
74 6 0 0 6 2 2 0 0 0
75 6 0 0 6 0 0 0 0 0
76 6 0 0 0 0 0 0 0 0
77 6 0 0 0 0 0 0 0 0
78 6 0 0 0 0 0 0 0 0
79 6 0 0 0 0 0 0 0 0
80 6 0 0 0 0 0 0 0 0
81 2 0 0 0 0 0 0 0 0
82 2 0 0 0 0 0 0 0 0
83 2 0 0 2 0 0 0 0 0
84 2 0 0 2 0 0 0 0 0
85 2 0 0 0 0 0 0 0 0
92 4 0 0 0 0 0 0 0 0
94 5 0 0 5 0 0 0 0 0
98 8 1 1 0 0 0 0 0 0
99 8 0 0 0 0 0 0 0 0
100 1 0 0 0 0 0 0 0 0
101 1 0 0 0 0 0 0 0 0
102 1 0 0 0 0 0 0 0 0
103 1 0 0 0 0 0 0 0 0
104 1 0 0 0 0 0 0 0 0
105 1 0 0 0 0 0 0 0 0
106 1 0 0 0 0 0 0 0 0
107 1 0 0 0 0 0 0 0 0
108 1 0 0 0 0 0 0 0 0
109 1 0 0 0 0 0 0 0 0
110 1 0 0 1 0 0 0 0 0
114 11 1 1 0 0 0 0 0 0
115 11 0 0 11 0 0 0 0 0
128 4 0 0 0 0 0 0 0 0
129 4 0 0 0 0 0 0 0 0
130 4 0 0 0 0 0 0 0 0
132 4 0 0 0 0 0 0 0 0
133 4 0 0 0 0 0 0 0 0
135 2 0 0 2 0 0 0 0 0
136 2 0 0 2 0 0 0 0 0
137 2 0 0 0 0 0 0 0 0
138 2 0 0 0 0 0 0 0 0
139 2 0 0 0 0 0 0 0 0
140 2 0 0 0 0 0 0 0 0
141 2 0 0 0 0 0 0 0 0
142 2 0 0 0 0 0 0 0 0
145 4 1 1 0 0 0 0 0 0
146 4 0 0 0 0 0 0 0 0
147 3 0 0 0 0 0 0 0 0
148 3 0 0 0 0 0 0 0 0
149 2 0 0 2 0 0 0 0 0
150 2 0 0 2 0 0 0 0 0
151 2 0 0 0 0 0 0 0 0
152 2 0 0 0 0 0 0 0 0
153 2 1 1 0 0 0 0 0 0
154 1 0 0 0 0 0 0 0 0
156 2 0 0 0 0 0 0 0 0
157 2 0 0 0 0 0 0 0 0
158 2 0 0 0 0 0 0 0 0
159 2 0 0 0 0 0 0 0 0
161 2 0 0 0 0 0 0 0 0
162 2 0 0 0 0 0 0 0 0
178 2 1 1 0 0 0 0 0 0
179 2 0 0 0 0 0 0 0 0
180 2 0 0 0 0 0 0 0 0
181 2 0 0 0 0 0 0 0 0
184 1 0 0 1 0 0 0 0 0
185 1 0 0 1 0 0 0 0 0
186 1 0 0 0 0 0 0 0 0
187 1 0 0 0 0 0 0 0 0
188 1 1 1 0 0 0 0 0 0
189 1 0 0 0 0 0 0 0 0
191 1 0 0 1 0 0 0 0 0
192 1 0 0 1 0 0 0 0 0
193 1 0 0 0 0 0 0 0 0
194 1 0 0 0 0 0 0 0 0
195 1 0 0 0 0 0 0 0 0
196 1 0 0 0 0 0 0 0 0
198 1 0 0 1 0 0 0 0 0
199 1 0 0 1 0 0 0 0 0
200 1 0 0 0 0 0 0 0 0
201 1 0 0 0 0 0 0 0 0
202 1 0 0 0 0 0 0 0 0
203 1 0 0 0 0 0 0 0 0
205 1 0 0 1 0 0 0 0 0
206 1 0 0 1 0 0 0 0 0
207 1 0 0 0 0 0 0 0 0
208 1 0 0 0 0 0 0 0 0
209 1 0 0 0 0 0 0 0 0
210 1 0 0 0 0 0 0 0 0
212 1 0 0 0 0 0 0 0 0
213 1 0 0 0 0 0 0 0 0
216 2 1 1 0 0 0 0 0 0
217 2 0 0 0 0 0 0 0 0
218 2 0 0 0 0 0 0 0 0
219 2 0 0 0 0 0 0 0 0
222 1 0 0 1 0 0 0 0 0
223 1 0 0 1 0 0 0 0 0
224 1 0 0 0 0 0 0 0 0
225 1 0 0 0 0 0 0 0 0
226 1 0 0 0 0 0 0 0 0
227 1 0 0 0 0 0 0 0 0
229 1 0 0 1 0 0 0 0 0
230 1 0 0 1 0 0 0 0 0
231 1 0 0 0 0 0 0 0 0
232 1 0 0 0 0 0 0 0 0
233 1 0 0 0 0 0 0 0 0
234 1 0 0 0 0 0 0 0 0
236 1 0 0 0 0 0 0 0 0
237 1 0 0 0 0 0 0 0 0
239 2 0 0 0 0 0 0 0 0
240 2 0 0 0 0 0 0 0 0
241 2 0 0 0 0 0 0 0 0
242 2 0 0 0 0 0 0 0 0
246 2 1 1 0 0 0 0 0 0
247 2 0 0 2 0 0 0 0 0
248 2 0 0 0 0 0 0 0 0
249 2 0 0 2 0 0 0 0 0
250 2 0 0 0 0 0 0 0 0
254 1 1 1 0 0 0 0 0 0
255 1 0 0 0 0 0 0 0 0
256 1 0 0 0 0 0 0 0 0
257 1 0 0 0 0 0 0 0 0
258 1 0 0 0 0 0 0 0 0
259 1 0 0 0 0 0 0 0 0
261 1 0 0 1 0 0 0 0 0
262 1 0 0 1 0 0 0 0 0
263 1 0 0 0 0 0 0 0 0
264 1 0 0 0 0 0 0 0 0
265 1 0 0 0 0 0 0 0 0
266 1 0 0 0 0 0 0 0 0
267 1 0 0 0 0 0 0 0 0
268 1 0 0 0 0 0 0 0 0
271 1 0 0 0 0 0 0 0 0
272 1 0 0 0 0 0 0 0 0
273 1 1 1 0 0 0 0 0 0
274 1 0 0 0 0 0 0 0 0
276 1 0 0 1 0 0 0 0 0
277 1 0 0 1 0 0 0 0 0
278 1 0 0 0 0 0 0 0 0
279 1 0 0 0 0 0 0 0 0
280 1 0 0 0 0 0 0 0 0
fl=/build/glibc-Cl5G7W/glibc-2.23/string/../sysdeps/x86_64/multiarch/../memcpy.S
fn=memcpy
61 26 1 1 0 0 0 0 0 0
63 26 0 0 0 0 0 0 0 0
65 26 0 0 0 0 0 0 0 0
68 24 0 0 0 0 0 0 0 0
69 24 0 0 0 0 0 0 0 0
71 7 0 0 7 0 0 0 0 0
72 7 0 0 0 0 0 7 1 1
74 7 0 0 0 0 0 0 0 0
75 7 0 0 0 0 0 0 0 0
80 24 0 0 0 0 0 0 0 0
81 24 0 0 0 0 0 0 0 0
83 9 0 0 9 0 0 0 0 0
84 9 0 0 0 0 0 9 1 1
86 9 0 0 0 0 0 0 0 0
87 18 0 0 0 0 0 0 0 0
92 24 1 1 0 0 0 0 0 0
93 24 0 0 0 0 0 0 0 0
95 9 0 0 9 0 0 0 0 0
96 9 0 0 0 0 0 9 0 0
98 9 0 0 0 0 0 0 0 0
99 9 0 0 0 0 0 0 0 0
104 24 0 0 0 0 0 0 0 0
105 24 0 0 0 0 0 0 0 0
107 13 0 0 13 0 0 0 0 0
108 13 0 0 0 0 0 13 1 1
110 13 0 0 0 0 0 0 0 0
111 13 0 0 0 0 0 0 0 0
116 24 0 0 0 0 0 0 0 0
117 35 0 0 0 0 0 0 0 0
122 11 0 0 11 0 0 0 0 0
123 11 0 0 11 0 0 0 0 0
124 11 0 0 0 0 0 11 3 3
125 11 0 0 0 0 0 11 0 0
127 11 0 0 0 0 0 0 0 0
129 11 0 0 0 0 0 0 0 0
130 11 0 0 0 0 0 0 0 0
132 11 0 0 0 0 0 0 0 0
140 24 1 1 24 0 0 0 0 0
148 20 0 0 0 0 0 20 0 0
154 20 0 0 0 0 0 0 0 0
156 20 0 0 0 0 0 0 0 0
157 20 0 0 0 0 0 0 0 0
160 10 0 0 0 0 0 0 0 0
161 30 0 0 0 0 0 0 0 0
166 45 1 1 45 0 0 0 0 0
167 45 0 0 0 0 0 45 3 3
169 45 0 0 0 0 0 0 0 0
171 45 0 0 0 0 0 0 0 0
172 45 0 0 0 0 0 0 0 0
174 65 0 0 0 0 0 0 0 0
183 20 0 0 0 0 0 0 0 0
184 20 0 0 0 0 0 0 0 0
187 20 0 0 0 0 0 0 0 0
188 20 0 0 0 0 0 0 0 0
189 20 0 0 0 0 0 0 0 0
194 33 0 0 0 0 0 0 0 0
196 33 0 0 33 0 0 0 0 0
197 33 0 0 33 0 0 0 0 0
198 33 0 0 33 0 0 0 0 0
199 33 1 1 33 0 0 0 0 0
201 33 0 0 0 0 0 33 5 5
202 33 0 0 0 0 0 33 2 2
203 33 0 0 0 0 0 33 3 3
204 33 0 0 0 0 0 33 2 2
206 33 0 0 0 0 0 0 0 0
207 33 0 0 0 0 0 0 0 0
209 33 0 0 0 0 0 0 0 0
211 26 0 0 0 0 0 0 0 0
213 26 0 0 26 0 0 0 0 0
214 26 0 0 26 0 0 0 0 0
215 26 0 0 26 0 0 0 0 0
216 26 0 0 26 0 0 0 0 0
218 26 0 0 0 0 0 26 0 0
219 26 0 0 0 0 0 26 11 11
220 26 0 0 0 0 0 26 1 1
221 26 0 0 0 0 0 26 2 2
223 26 0 0 0 0 0 0 0 0
224 26 1 1 0 0 0 0 0 0
226 50 0 0 0 0 0 0 0 0
231 20 0 0 0 0 0 0 0 0
237 20 0 0 20 0 0 0 0 0
238 20 0 0 0 0 0 0 0 0
240 2 0 0 2 0 0 0 0 0
fl=/build/glibc-Cl5G7W/glibc-2.23/string/../sysdeps/x86_64/multiarch/../memset.S
fn=memset
53 12 1 1 0 0 0 0 0 0
54 12 0 0 0 0 0 0 0 0
55 12 0 0 0 0 0 0 0 0
56 12 0 0 0 0 0 0 0 0
57 12 0 0 0 0 0 0 0 0
59 12 0 0 0 0 0 0 0 0
60 12 0 0 0 0 0 0 0 0
61 8 0 0 0 0 0 0 0 0
62 8 0 0 0 0 0 0 0 0
68 2 0 0 2 0 0 0 0 0
77 4 1 1 0 0 0 0 0 0
78 4 0 0 0 0 0 4 1 1
79 4 0 0 0 0 0 0 0 0
80 4 0 0 0 0 0 4 2 2
81 4 0 0 0 0 0 4 0 0
82 4 0 0 0 0 0 4 0 0
83 4 0 0 0 0 0 4 1 1
84 4 0 0 0 0 0 4 0 0
85 4 0 0 0 0 0 4 0 0
86 4 0 0 0 0 0 4 0 0
87 4 0 0 0 0 0 0 0 0
88 4 0 0 0 0 0 0 0 0
89 4 0 0 0 0 0 0 0 0
90 6 0 0 0 0 0 0 0 0
93 36 0 0 0 0 0 36 33 33
94 36 0 0 0 0 0 36 0 0
95 36 0 0 0 0 0 36 0 0
96 36 0 0 0 0 0 36 0 0
97 36 0 0 0 0 0 0 0 0
98 36 0 0 0 0 0 0 0 0
99 36 0 0 0 0 0 0 0 0
100 2 0 0 2 0 0 0 0 0
103 8 1 1 0 0 0 0 0 0
104 8 0 0 0 0 0 0 0 0
105 8 0 0 0 0 0 0 0 0
106 2 0 0 0 0 0 0 0 0
107 2 0 0 0 0 0 0 0 0
108 1 0 0 0 0 0 0 0 0
109 1 0 0 0 0 0 0 0 0
112 1 0 0 0 0 0 0 0 0
113 1 0 0 0 0 0 0 0 0
114 1 0 0 0 0 0 1 0 0
115 1 0 0 1 0 0 0 0 0
117 1 0 0 0 0 0 1 0 0
118 1 0 0 0 0 0 1 0 0
119 1 0 0 1 0 0 0 0 0
121 6 0 0 0 0 0 6 2 2
122 6 0 0 0 0 0 6 0 0
123 6 0 0 6 0 0 0 0 0
fl=/build/glibc-Cl5G7W/glibc-2.23/string/../sysdeps/x86_64/multiarch/../strchr.S
fn=index
24 19 1 1 0 0 0 0 0 0
25 19 0 0 0 0 0 0 0 0
26 19 0 0 0 0 0 0 0 0
27 19 0 0 0 0 0 0 0 0
28 19 0 0 0 0 0 0 0 0
29 19 0 0 0 0 0 0 0 0
30 19 0 0 0 0 0 0 0 0
31 19 1 1 0 0 0 0 0 0
32 19 0 0 19 3 3 0 0 0
33 19 0 0 0 0 0 0 0 0
34 19 0 0 0 0 0 0 0 0
35 19 0 0 0 0 0 0 0 0
36 19 0 0 0 0 0 0 0 0
37 19 0 0 0 0 0 0 0 0
38 19 0 0 0 0 0 0 0 0
39 19 0 0 0 0 0 0 0 0
40 19 0 0 0 0 0 0 0 0
41 3 0 0 0 0 0 0 0 0
45 3 0 0 0 0 0 0 0 0
46 3 0 0 0 0 0 0 0 0
47 3 0 0 3 0 0 0 0 0
48 3 0 0 0 0 0 0 0 0
50 3 0 0 3 0 0 0 0 0
54 16 0 0 16 1 1 0 0 0
55 16 1 1 0 0 0 0 0 0
56 16 0 0 0 0 0 0 0 0
57 16 0 0 0 0 0 0 0 0
58 16 0 0 0 0 0 0 0 0
59 16 0 0 0 0 0 0 0 0
60 16 0 0 16 0 0 0 0 0
61 16 0 0 0 0 0 0 0 0
62 16 0 0 0 0 0 0 0 0
63 16 0 0 0 0 0 0 0 0
64 16 0 0 0 0 0 0 0 0
65 16 0 0 0 0 0 0 0 0
66 16 0 0 0 0 0 0 0 0
67 16 0 0 16 0 0 0 0 0
68 16 0 0 0 0 0 0 0 0
69 16 0 0 0 0 0 0 0 0
70 16 0 0 0 0 0 0 0 0
71 16 1 1 0 0 0 0 0 0
72 16 0 0 0 0 0 0 0 0
73 16 0 0 0 0 0 0 0 0
74 16 0 0 0 0 0 0 0 0
75 16 0 0 0 0 0 0 0 0
76 16 0 0 0 0 0 0 0 0
77 28 0 0 0 0 0 0 0 0
82 12 0 0 0 0 0 0 0 0
83 12 0 0 0 0 0 0 0 0
86 30 0 0 0 0 0 0 0 0
87 30 0 0 30 14 14 0 0 0
88 30 0 0 30 0 0 0 0 0
89 30 0 0 30 0 0 0 0 0
90 30 0 0 0 0 0 0 0 0
91 30 1 1 30 0 0 0 0 0
92 30 0 0 0 0 0 0 0 0
93 30 0 0 0 0 0 0 0 0
94 30 0 0 30 0 0 0 0 0
95 30 0 0 0 0 0 0 0 0
96 30 0 0 30 0 0 0 0 0
97 30 0 0 30 0 0 0 0 0
98 30 0 0 0 0 0 0 0 0
99 30 0 0 30 0 0 0 0 0
100 30 0 0 0 0 0 0 0 0
101 30 0 0 0 0 0 0 0 0
102 30 0 0 0 0 0 0 0 0
103 30 0 0 0 0 0 0 0 0
105 30 0 0 0 0 0 0 0 0
106 30 0 0 0 0 0 0 0 0
108 12 0 0 12 0 0 0 0 0
109 12 1 1 0 0 0 0 0 0
110 12 0 0 0 0 0 0 0 0
111 12 0 0 0 0 0 0 0 0
112 12 0 0 0 0 0 0 0 0
113 12 0 0 0 0 0 0 0 0
114 12 0 0 0 0 0 0 0 0
115 12 0 0 0 0 0 0 0 0
117 12 0 0 0 0 0 0 0 0
118 12 0 0 0 0 0 0 0 0
119 12 0 0 0 0 0 0 0 0
120 12 0 0 0 0 0 0 0 0
121 12 0 0 0 0 0 0 0 0
122 12 0 0 0 0 0 0 0 0
123 12 0 0 0 0 0 0 0 0
124 12 0 0 0 0 0 0 0 0
125 12 0 0 0 0 0 0 0 0
126 12 0 0 0 0 0 0 0 0
129 16 1 1 0 0 0 0 0 0
133 16 0 0 0 0 0 0 0 0
134 16 0 0 0 0 0 0 0 0
135 16 0 0 16 0 0 0 0 0
136 16 0 0 0 0 0 0 0 0
138 16 0 0 16 0 0 0 0 0
fl=/build/glibc-Cl5G7W/glibc-2.23/string/../sysdeps/x86_64/multiarch/../strcmp.S
fn=strcmp
144 196 1 1 0 0 0 0 0 0
145 196 0 0 0 0 0 0 0 0
147 196 0 0 0 0 0 0 0 0
148 196 0 0 0 0 0 0 0 0
169 196 0 0 0 0 0 0 0 0
170 196 0 0 0 0 0 0 0 0
171 137 0 0 0 0 0 0 0 0
172 137 0 0 0 0 0 0 0 0
173 133 0 0 133 18 15 0 0 0
174 133 0 0 133 7 4 0 0 0
175 133 0 0 133 0 0 0 0 0
176 133 0 0 133 0 0 0 0 0
197 133 0 0 0 0 0 0 0 0
198 133 0 0 0 0 0 0 0 0
199 133 0 0 0 0 0 0 0 0
200 133 0 0 0 0 0 0 0 0
201 133 0 0 0 0 0 0 0 0
202 133 0 0 0 0 0 0 0 0
203 133 0 0 0 0 0 0 0 0
208 5 0 0 0 0 0 0 0 0
209 5 0 0 0 0 0 0 0 0
218 68 1 1 0 0 0 0 0 0
219 68 0 0 0 0 0 0 0 0
220 68 0 0 0 0 0 0 0 0
221 68 0 0 0 0 0 0 0 0
222 68 0 0 0 0 0 0 0 0
223 68 0 0 0 0 0 0 0 0
224 68 0 0 0 0 0 0 0 0
225 68 0 0 0 0 0 0 0 0
226 66 0 0 0 0 0 0 0 0
227 59 0 0 0 0 0 0 0 0
228 59 0 0 0 0 0 0 0 0
229 59 0 0 0 0 0 0 0 0
231 66 0 0 0 0 0 0 0 0
232 66 0 0 0 0 0 0 0 0
233 66 1 1 0 0 0 0 0 0
234 66 0 0 66 6 4 0 0 0
235 66 0 0 0 0 0 0 0 0
236 66 0 0 0 0 0 0 0 0
246 2 0 0 2 0 0 0 0 0
247 2 0 0 0 0 0 0 0 0
248 2 0 0 0 0 0 0 0 0
250 2 0 0 2 0 0 0 0 0
256 2 0 0 0 0 0 0 0 0
257 2 0 0 0 0 0 0 0 0
258 2 0 0 0 0 0 0 0 0
259 2 0 0 0 0 0 0 0 0
260 2 0 0 0 0 0 0 0 0
265 2 0 0 0 0 0 0 0 0
1196 5 1 1 0 0 0 0 0 0
1197 5 0 0 5 0 0 0 0 0
1198 5 0 0 5 1 1 0 0 0
1199 5 0 0 0 0 0 0 0 0
1200 5 1 1 0 0 0 0 0 0
1202 5 0 0 0 0 0 0 0 0
1203 5 0 0 0 0 0 0 0 0
1204 5 0 0 0 0 0 0 0 0
1205 5 0 0 0 0 0 0 0 0
1206 5 0 0 0 0 0 0 0 0
1207 5 0 0 0 0 0 0 0 0
1208 5 0 0 0 0 0 0 0 0
1209 1 0 0 1 0 0 0 0 0
1213 1 0 0 0 0 0 0 0 0
1214 1 0 0 0 0 0 0 0 0
1215 1 0 0 0 0 0 0 0 0
1221 1 0 0 0 0 0 0 0 0
1222 1 0 0 0 0 0 0 0 0
1223 2 1 1 0 0 0 0 0 0
1227 1 0 0 0 0 0 0 0 0
1228 1 0 0 0 0 0 0 0 0
1231 1 0 0 1 1 1 0 0 0
1232 1 0 0 1 0 0 0 0 0
1233 1 0 0 0 0 0 0 0 0
1236 1 0 0 0 0 0 0 0 0
1237 1 0 0 0 0 0 0 0 0
1238 1 0 0 0 0 0 0 0 0
1244 1 0 0 0 0 0 0 0 0
1245 1 0 0 0 0 0 0 0 0
1246 1 1 1 0 0 0 0 0 0
1247 1 0 0 0 0 0 0 0 0
1248 1 0 0 0 0 0 0 0 0
1249 1 0 0 0 0 0 0 0 0
1321 24 1 1 0 0 0 0 0 0
1322 24 0 0 24 3 0 0 0 0
1323 24 0 0 24 1 0 0 0 0
1324 24 0 0 0 0 0 0 0 0
1325 24 1 1 0 0 0 0 0 0
1327 24 0 0 0 0 0 0 0 0
1328 24 0 0 0 0 0 0 0 0
1329 24 0 0 0 0 0 0 0 0
1330 24 0 0 0 0 0 0 0 0
1331 24 0 0 0 0 0 0 0 0
1332 24 0 0 0 0 0 0 0 0
1333 24 0 0 0 0 0 0 0 0
1571 1 1 1 0 0 0 0 0 0
1572 1 0 0 1 0 0 0 0 0
1573 1 0 0 1 0 0 0 0 0
1574 1 0 0 0 0 0 0 0 0
1575 1 1 1 0 0 0 0 0 0
1577 1 0 0 0 0 0 0 0 0
1578 1 0 0 0 0 0 0 0 0
1579 1 0 0 0 0 0 0 0 0
1580 1 0 0 0 0 0 0 0 0
1581 1 0 0 0 0 0 0 0 0
1582 1 0 0 0 0 0 0 0 0
1583 1 0 0 0 0 0 0 0 0
1696 1 1 1 0 0 0 0 0 0
1697 1 0 0 1 0 0 0 0 0
1698 1 0 0 1 1 1 0 0 0
1699 1 0 0 0 0 0 0 0 0
1700 1 1 1 0 0 0 0 0 0
1702 1 0 0 0 0 0 0 0 0
1703 1 0 0 0 0 0 0 0 0
1704 1 0 0 0 0 0 0 0 0
1705 1 0 0 0 0 0 0 0 0
1706 1 0 0 0 0 0 0 0 0
1707 1 0 0 0 0 0 0 0 0
1708 1 0 0 0 0 0 0 0 0
1821 3 1 1 0 0 0 0 0 0
1822 3 0 0 3 0 0 0 0 0
1823 3 0 0 3 1 0 0 0 0
1824 3 0 0 0 0 0 0 0 0
1825 3 1 1 0 0 0 0 0 0
1827 3 0 0 0 0 0 0 0 0
1828 3 0 0 0 0 0 0 0 0
1829 3 0 0 0 0 0 0 0 0
1830 3 0 0 0 0 0 0 0 0
1831 3 0 0 0 0 0 0 0 0
1832 3 0 0 0 0 0 0 0 0
1833 3 0 0 0 0 0 0 0 0
1834 3 0 0 3 0 0 0 0 0
1838 3 0 0 0 0 0 0 0 0
1839 3 0 0 0 0 0 0 0 0
1840 3 0 0 0 0 0 0 0 0
1846 3 0 0 0 0 0 0 0 0
1847 3 0 0 0 0 0 0 0 0
1848 6 1 1 0 0 0 0 0 0
1852 3 0 0 0 0 0 0 0 0
1853 3 0 0 0 0 0 0 0 0
1856 3 0 0 3 0 0 0 0 0
1857 3 0 0 3 1 1 0 0 0
1858 3 0 0 0 0 0 0 0 0
1861 3 0 0 0 0 0 0 0 0
1862 3 0 0 0 0 0 0 0 0
1863 3 0 0 0 0 0 0 0 0
1869 3 0 0 0 0 0 0 0 0
1870 3 0 0 0 0 0 0 0 0
1871 3 1 1 0 0 0 0 0 0
1872 3 0 0 0 0 0 0 0 0
1873 3 0 0 0 0 0 0 0 0
1874 3 0 0 0 0 0 0 0 0
1946 2 1 1 0 0 0 0 0 0
1947 2 0 0 2 1 1 0 0 0
1948 2 0 0 2 0 0 0 0 0
1949 2 0 0 0 0 0 0 0 0
1950 2 1 1 0 0 0 0 0 0
1952 2 0 0 0 0 0 0 0 0
1953 2 0 0 0 0 0 0 0 0
1954 2 0 0 0 0 0 0 0 0
1955 2 0 0 0 0 0 0 0 0
1956 2 0 0 0 0 0 0 0 0
1957 2 0 0 0 0 0 0 0 0
1958 2 0 0 0 0 0 0 0 0
1959 1 0 0 1 0 0 0 0 0
1963 1 0 0 0 0 0 0 0 0
1964 1 0 0 0 0 0 0 0 0
1965 1 0 0 0 0 0 0 0 0
1971 1 0 0 0 0 0 0 0 0
1972 1 0 0 0 0 0 0 0 0
1973 2 1 1 0 0 0 0 0 0
1977 1 0 0 0 0 0 0 0 0
1978 1 0 0 0 0 0 0 0 0
1981 1 0 0 1 0 0 0 0 0
1982 1 0 0 1 1 1 0 0 0
1983 1 0 0 0 0 0 0 0 0
1986 1 0 0 0 0 0 0 0 0
1987 1 0 0 0 0 0 0 0 0
1988 1 0 0 0 0 0 0 0 0
1994 1 0 0 0 0 0 0 0 0
1995 1 0 0 0 0 0 0 0 0
1996 1 1 1 0 0 0 0 0 0
1997 1 0 0 0 0 0 0 0 0
1998 1 0 0 0 0 0 0 0 0
1999 1 0 0 0 0 0 0 0 0
2071 30 1 1 0 0 0 0 0 0
2072 30 0 0 30 8 6 0 0 0
2073 30 0 0 30 5 3 0 0 0
2074 30 0 0 0 0 0 0 0 0
2075 30 1 1 0 0 0 0 0 0
2077 30 0 0 0 0 0 0 0 0
2078 30 0 0 0 0 0 0 0 0
2079 30 0 0 0 0 0 0 0 0
2080 30 0 0 0 0 0 0 0 0
2081 30 0 0 0 0 0 0 0 0
2082 30 0 0 0 0 0 0 0 0
2083 30 0 0 0 0 0 0 0 0
2200 5 0 0 0 0 0 0 0 0
2202 68 1 1 0 0 0 0 0 0
2203 68 0 0 0 0 0 0 0 0
2204 68 0 0 0 0 0 0 0 0
2205 68 1 1 0 0 0 0 0 0
2206 177 0 0 0 0 0 0 0 0
2211 196 0 0 0 0 0 0 0 0
2217 196 0 0 196 0 0 0 0 0
2218 196 0 0 196 0 0 0 0 0
2226 196 0 0 0 0 0 0 0 0
2227 196 0 0 196 0 0 0 0 0
fl=/build/glibc-Cl5G7W/glibc-2.23/string/../sysdeps/x86_64/multiarch/memmove.c
fn=memcpy@GLIBC_2.2.5
54 11 2 2 3 0 0 0 0 0
fl=/build/glibc-Cl5G7W/glibc-2.23/string/../sysdeps/x86_64/multiarch/strcmp.S
fn=strcasecmp
109 1 1 1 1 0 0 0 0 0
110 1 0 0 0 0 0 0 0 0
111 1 0 0 1 1 0 0 0 0
112 1 0 0 0 0 0 0 0 0
122 1 1 1 1 0 0 0 0 0
fn=strncasecmp
129 1 1 1 1 0 0 0 0 0
130 1 0 0 0 0 0 0 0 0
131 1 1 1 1 0 0 0 0 0
132 1 0 0 0 0 0 0 0 0
142 1 1 1 1 0 0 0 0 0
fl=/build/glibc-Cl5G7W/glibc-2.23/string/../sysdeps/x86_64/multiarch/strcspn.S
fn=strcspn
45 1 1 1 1 0 0 0 0 0
46 1 0 0 0 0 0 0 0 0
47 1 0 0 1 1 0 0 0 0
48 1 0 0 0 0 0 0 0 0
49 1 0 0 0 0 0 0 0 0
50 1 0 0 1 0 0 0 0 0
fn=strpbrk
45 1 1 1 1 0 0 0 0 0
46 1 0 0 0 0 0 0 0 0
47 1 1 1 1 0 0 0 0 0
48 1 0 0 0 0 0 0 0 0
49 1 0 0 0 0 0 0 0 0
50 1 0 0 1 0 0 0 0 0
fl=/build/glibc-Cl5G7W/glibc-2.23/string/../sysdeps/x86_64/multiarch/strspn.S
fn=strspn
30 1 1 1 1 0 0 0 0 0
31 1 0 0 0 0 0 0 0 0
32 1 0 0 1 0 0 0 0 0
33 1 0 0 0 0 0 0 0 0
34 1 0 0 0 0 0 0 0 0
35 1 0 0 1 0 0 0 0 0
fl=/build/glibc-Cl5G7W/glibc-2.23/string/../sysdeps/x86_64/strchr.S
fn=strchrnul
24 6 1 1 0 0 0 0 0 0
25 6 0 0 0 0 0 0 0 0
26 6 0 0 0 0 0 0 0 0
27 6 0 0 0 0 0 0 0 0
28 6 0 0 0 0 0 0 0 0
29 6 0 0 0 0 0 0 0 0
30 6 0 0 0 0 0 0 0 0
31 6 1 1 0 0 0 0 0 0
32 6 0 0 6 3 3 0 0 0
33 6 0 0 0 0 0 0 0 0
34 6 0 0 0 0 0 0 0 0
35 6 0 0 0 0 0 0 0 0
36 6 0 0 0 0 0 0 0 0
37 6 0 0 0 0 0 0 0 0
38 6 0 0 0 0 0 0 0 0
39 6 0 0 0 0 0 0 0 0
40 6 0 0 0 0 0 0 0 0
41 6 0 0 0 0 0 0 0 0
43 6 0 0 0 0 0 0 0 0
50 6 0 0 6 0 0 0 0 0
fl=/build/glibc-Cl5G7W/glibc-2.23/string/../sysdeps/x86_64/strlen.S
fn=strlen
66 38 2 2 0 0 0 0 0 0
67 38 0 0 0 0 0 0 0 0
68 38 0 0 0 0 0 0 0 0
69 38 0 0 0 0 0 0 0 0
70 38 0 0 0 0 0 0 0 0
71 38 0 0 0 0 0 0 0 0
72 38 0 0 0 0 0 0 0 0
74 38 1 1 0 0 0 0 0 0
76 38 0 0 0 0 0 0 0 0
106 37 0 0 37 2 2 0 0 0
107 37 0 0 0 0 0 0 0 0
108 37 1 1 0 0 0 0 0 0
109 37 0 0 0 0 0 0 0 0
110 37 0 0 0 0 0 0 0 0
111 4 0 0 0 0 0 0 0 0
112 4 0 0 4 0 0 0 0 0
116 33 0 0 0 0 0 0 0 0
117 33 0 0 33 0 0 0 0 0
118 33 0 0 33 0 0 0 0 0
119 33 0 0 33 0 0 0 0 0
120 33 0 0 0 0 0 0 0 0
121 33 0 0 0 0 0 0 0 0
122 33 0 0 0 0 0 0 0 0
123 33 0 0 0 0 0 0 0 0
124 33 0 0 0 0 0 0 0 0
125 33 0 0 0 0 0 0 0 0
126 33 0 0 0 0 0 0 0 0
127 33 0 0 0 0 0 0 0 0
132 218 0 0 10 0 0 0 0 0
136 1 1 1 0 0 0 0 0 0
137 14 1 1 4 0 0 0 0 0
138 8 0 0 1 0 0 0 0 0
203 30 1 1 30 0 0 0 0 0
204 30 0 0 30 0 0 0 0 0
205 30 0 0 30 0 0 0 0 0
206 30 0 0 30 0 0 0 0 0
207 30 0 0 0 0 0 0 0 0
208 30 0 0 0 0 0 0 0 0
209 30 0 0 0 0 0 0 0 0
210 30 0 0 0 0 0 0 0 0
212 12 0 0 0 0 0 0 0 0
214 12 0 0 12 0 0 0 0 0
215 12 0 0 12 0 0 0 0 0
216 12 1 1 12 0 0 0 0 0
217 12 0 0 12 0 0 0 0 0
218 12 0 0 0 0 0 0 0 0
219 12 0 0 0 0 0 0 0 0
220 12 0 0 0 0 0 0 0 0
221 12 0 0 0 0 0 0 0 0
222 7 0 0 0 0 0 0 0 0
226 18 0 0 0 0 0 0 0 0
228 23 0 0 0 0 0 0 0 0
229 322 1 1 92 0 0 0 0 0
231 23 0 0 0 0 0 0 0 0
232 23 0 0 0 0 0 0 0 0
233 23 0 0 0 0 0 0 0 0
234 23 0 0 23 0 0 0 0 0
fl=/build/glibc-Cl5G7W/glibc-2.23/string/../sysdeps/x86_64/strrchr.S
fn=rindex
24 1 1 1 0 0 0 0 0 0
25 1 0 0 0 0 0 0 0 0
26 1 0 0 0 0 0 0 0 0
27 1 0 0 0 0 0 0 0 0
28 1 0 0 0 0 0 0 0 0
29 1 0 0 0 0 0 0 0 0
30 1 0 0 0 0 0 0 0 0
31 1 0 0 0 0 0 0 0 0
32 1 0 0 1 1 0 0 0 0
33 1 0 0 0 0 0 0 0 0
34 1 0 0 0 0 0 0 0 0
35 1 0 0 0 0 0 0 0 0
36 1 0 0 0 0 0 0 0 0
37 1 0 0 0 0 0 0 0 0
38 1 1 1 0 0 0 0 0 0
39 1 0 0 0 0 0 0 0 0
40 1 0 0 0 0 0 0 0 0
51 1 0 0 1 1 0 0 0 0
52 1 0 0 0 0 0 0 0 0
53 1 0 0 1 0 0 0 0 0
54 1 0 0 0 0 0 0 0 0
55 1 0 0 0 0 0 0 0 0
56 1 0 0 1 0 0 0 0 0
57 1 0 0 0 0 0 0 0 0
58 1 1 1 0 0 0 0 0 0
59 1 0 0 0 0 0 0 0 0
60 1 0 0 0 0 0 0 0 0
61 1 0 0 0 0 0 0 0 0
62 1 0 0 0 0 0 0 0 0
63 1 0 0 0 0 0 0 0 0
64 1 0 0 0 0 0 0 0 0
65 1 0 0 0 0 0 0 0 0
66 1 0 0 0 0 0 0 0 0
67 1 0 0 0 0 0 0 0 0
68 1 0 0 0 0 0 0 0 0
69 1 0 0 0 0 0 0 0 0
70 1 0 0 0 0 0 0 0 0
71 1 0 0 0 0 0 0 0 0
72 1 0 0 0 0 0 0 0 0
73 1 0 0 0 0 0 0 0 0
74 1 1 1 0 0 0 0 0 0
75 1 0 0 0 0 0 0 0 0
76 1 0 0 0 0 0 0 0 0
77 1 0 0 0 0 0 0 0 0
78 1 0 0 0 0 0 0 0 0
79 1 0 0 0 0 0 0 0 0
80 1 0 0 0 0 0 0 0 0
81 1 0 0 0 0 0 0 0 0
82 1 0 0 0 0 0 0 0 0
83 1 0 0 0 0 0 0 0 0
84 1 0 0 0 0 0 0 0 0
85 1 0 0 0 0 0 0 0 0
86 1 0 0 0 0 0 0 0 0
87 1 0 0 1 0 0 0 0 0
fl=/build/glibc-Cl5G7W/glibc-2.23/string/strdup.c
fn=strdup
40 60 1 1 0 0 0 30 0 0
41 30 0 0 0 0 0 15 0 0
42 30 0 0 0 0 0 15 0 0
44 30 0 0 0 0 0 0 0 0
47 60 0 0 0 0 0 0 0 0
48 45 0 0 30 0 0 0 0 0
fl=/build/glibc-Cl5G7W/glibc-2.23/time/../sysdeps/generic/dl-hash.h
fn=gettimeofday
45 24 0 0 8 1 1 0 0 0
48 24 0 0 0 0 0 0 0 0
62 32 0 0 0 0 0 0 0 0
fn=time
45 12 0 0 4 1 1 0 0 0
48 12 0 0 0 0 0 0 0 0
62 16 1 1 0 0 0 0 0 0
fl=/build/glibc-Cl5G7W/glibc-2.23/time/../sysdeps/unix/sysv/linux/x86/gettimeofday.c
fn=__gettimeofday_syscall
29 12 0 0 0 0 0 0 0 0
30 3 0 0 3 0 0 0 0 0
fn=gettimeofday
36 2 0 0 0 0 0 0 0 0
37 22 2 2 0 0 0 8 0 0
40 6 1 1 0 0 0 2 0 0
41 6 0 0 0 0 0 0 0 0
42 4 0 0 2 0 0 0 0 0
fl=/build/glibc-Cl5G7W/glibc-2.23/time/../sysdeps/unix/sysv/linux/x86/time.c
fn=time
37 1 0 0 0 0 0 0 0 0
38 11 1 1 0 0 0 4 0 0
41 3 0 0 0 0 0 1 0 0
42 3 1 1 0 0 0 0 0 0
43 2 0 0 1 0 0 0 0 0
fl=/home/gzq/CLionProjects/MatrixMultiplication/src/serial/pre_transpose.c
fn=main
12 8 1 1 1 0 0 4 0 0
14 8 0 0 2 0 0 1 0 0
19 14 1 1 5 0 0 2 1 0
20 10 1 1 4 0 0 2 0 0
21 13 1 1 5 0 0 1 0 0
22 11 0 0 5 1 0 1 0 0
24 3 1 1 0 0 0 1 0 0
25 8 0 0 2 0 0 2 1 1
26 4005 1 1 3002 0 0 1 0 0
27 4005000 0 0 3002000 0 0 1000 0 0
28 20000000 1 1 9000000 62501 62501 1000000 999999 63499
31 3 0 0 0 0 0 1 0 0
32 4 0 0 0 0 0 2 0 0
33 3 1 1 0 0 0 1 0 0
34 4005 1 1 3002 0 0 1 0 0
35 4005000 1 1 3002000 0 0 1000 0 0
36 11000000 1 1 4000000 0 0 1000000 62500 62500
37 4005000000 0 0 3002000000 0 0 1000000 0 0
38 42000000000 1 1 19000000000 62563501 62562115 1000000000 0 0
42 3 0 0 1 0 0 1 0 0
43 3 0 0 0 0 0 1 0 0
44 4 1 1 0 0 0 2 0 0
45 3 0 0 0 0 0 1 0 0
46 8 0 0 2 0 0 1 0 0
52 10 1 1 6 0 0 1 0 0
fl=/home/gzq/CLionProjects/MatrixMultiplication/src/util/random_uitls.c
fn=randint
13 10000 1 1 0 0 0 6000 0 0
14 6000 0 0 4000 0 0 0 0 0
15 20000 1 1 6000 0 0 2000 0 0
16 4000 0 0 4000 0 0 0 0 0
fn=random_float
43 10000000 1 1 0 0 0 6000000 0 0
44 20000000 0 0 8000000 1 1 2000000 0 0
45 4000000 0 0 4000000 0 0 0 0 0
fn=random_float_array
49 8 1 1 0 0 0 6 0 0
50 8000005 2 2 6000002 0 0 1 0 0
51 26000000 0 0 10000000 0 0 6000000 125000 125000
53 5 0 0 3 1 1 0 0 0
fl=/home/gzq/CLionProjects/MatrixMultiplication/src/util/time_utils.c
fn=end
11 24 0 0 6 0 0 6 1 1
fn=milli_interval
33 38 2 2 10 0 0 10 0 0
fn=msec
15 152 1 1 48 2 2 16 0 0
fn=print_milli_interval
23 10 1 1 0 0 0 6 0 0
24 28 1 1 4 0 0 6 0 0
25 10 0 0 6 0 0 0 0 0
fn=start
9 11 1 1 3 0 0 3 0 0
fl=/home/gzq/CLionProjects/MatrixMultiplication/src/util/utils.c
fn=check_error
10 10 2 2 0 0 0 8 0 0
12 5 0 0 3 0 0 0 0 0
26 3 1 1 0 0 0 2 0 0
27 3004 2 2 2001 0 0 1 0 0
28 10000 0 0 3000 0 0 2000 124 124
29 11000 0 0 3000 0 0 2000 0 0
31 4 1 1 1 0 0 1 0 0
32 0 0 0 0 0 0 0 0 0
33 0 0 0 0 0 0 0 0 0
34 0 0 0 0 0 0 0 0 0
fn=get_mnk
47 8 1 1 0 0 0 6 0 0
48 2 0 0 1 0 0 0 0 0
53 8 1 1 3 0 0 2 0 0
54 8 1 1 3 0 0 2 0 0
55 8 0 0 3 0 0 2 0 0
57 3 0 0 2 0 0 0 0 0
fl=???
fn=???
0 2002220 20 17 2002153 7 4 21 2 2
fn=__libc_csu_init
0 34 3 3 8 1 0 8 0 0
fn=_start
0 11 2 2 1 0 0 3 0 0
summary: 46208315439 1059 1056 22081114340 62628726 62626876 1029040456 1188314 251764
